0,548
0,548
1,547
1,547
1,546
2,547
2,547
2,546
3,547
5,546
12,544
20,543
28,540
36,538
46,538
54,538
62,537
70,538
78,542
87,544
95,547
103,551
113,554
122,556
132,556
141,557
150,558
159,558
168,558
179,559
188,561
197,562
206,563
216,565
225,565
234,566
244,568
253,570
263,570
272,572
281,573
290,575
300,576
310,578
319,580
328,582
337,584
347,586
356,588
365,589
375,591
385,592
394,593
403,594
412,595
421,595
431,596
441,596
450,597
459,598
468,598
478,597
487,598
496,597
505,597
516,597
525,597
534,596
543,595
552,595
562,595
571,594
581,594
590,594
600,593
609,593
618,594
627,593
636,593
647,593
656,593
665,594
674,594
684,593
693,593
702,593
712,594
721,594
731,594
740,593
749,593
758,593
768,594
778,593
787,592
796,592
805,592
815,591
824,591
833,591
843,590
852,590
862,589
871,589
880,589
889,588
899,588
909,587
918,587
927,587
936,585
946,585
955,584
964,584
974,584
984,583
993,582
1002,582
1012,583
1022,581
1033,581
1044,581
1054,581
1064,580
1075,580
1085,579
1095,579
1106,579
1117,578
1127,578
1137,578
1147,578
1158,577
1168,577
1179,576
1189,576
1200,575
1210,576
1220,574
1230,575
1242,574
1252,574
1262,574
1272,574
1283,574
1293,574
1303,574
1314,573
1325,574
1335,573
1345,574
1355,574
1366,574
1377,573
1387,573
1397,573
1408,573
1418,573
1428,573
1439,574
1449,573
1460,573
1470,573
1480,573
1490,573
1501,574
1512,573
1522,573
1532,572
1543,573
1553,572
1563,573
1574,572
1585,572
1595,572
1605,572
1615,572
1626,572
1636,572
1647,572
1657,573
1668,572
1678,572
1688,572
1698,573
1710,573
1720,573
1730,574
1740,574
1751,574
1761,575
1772,575
1782,575
1793,575
1803,574
1813,575
1823,574
1833,574
1845,574
1855,575
1865,574
1875,574
1886,574
1896,574
1907,574
1917,574
1928,574
1938,574
1948,574
1958,573
1969,574
1980,573
1990,574
2000,573
2011,574
2021,573
2031,573
2042,573
2053,573
2063,573
2073,573
2083,573
2094,572
2105,572
2115,572
2125,573
2136,572
2146,573
2156,572
2166,573
2178,572
2188,572
2198,571
2208,571
2219,571
2229,571
2240,571
2250,570
2260,571
2271,570
2281,571
2291,570
2301,570
2313,570
2323,571
2333,571
2343,571
2354,571
2364,572
2375,572
2385,571
2396,572
2406,571
2416,572
2426,571
2438,572
2448,571
2458,571
2468,571
2479,571
2489,571
2499,571
2510,570
2521,570
2531,569
2541,569
2551,569
2562,569
2573,569
2583,569
2593,569
2604,569
2614,569
2624,569
2634,570
2646,569
2656,570
2666,569
2676,570
2686,569
2697,570
2708,570
2718,570
2728,570
2739,570
2749,570
2759,570
2770,570
2781,570
2791,570
2801,570
2811,571
2822,570
2832,570
2843,570
2853,570
2864,570
2874,571
2884,570
2894,570
2906,570
2916,570
2926,570
2936,570
2947,569
2957,569
2967,570
2978,570
2989,571
2999,571
3009,572
3019,572
3030,572
3041,571
3051,572
3061,571
3072,572
3082,571
3092,571
3103,571
3113,571
3124,571
3134,570
3144,570
3154,570
3165,570
3176,570
3186,570
3196,570
3207,570
3217,570
3227,571
3238,570
3249,571
3259,570
3269,571
3279,570
3290,571
3300,570
3311,570
3321,570
3332,570
3342,570
3352,570
3362,570
3374,569
3384,569
3394,569
3404,569
3415,569
3425,569
3436,568
3446,569
3457,569
3467,570
3477,568
3487,569
3497,568
3509,569
3519,568
3529,569
3539,568
3550,568
3560,569
3571,568
3581,569
3592,569
3602,570
3612,570
3622,570
3633,570
3644,570
3654,570
3664,570
3675,569
3685,570
3695,570
3706,570
3717,569
3727,570
3737,569
3747,569
3758,569
3769,569
3779,569
3789,568
3800,568
3810,568
3820,568
3830,568
3842,568
3852,568
3862,569
3872,568
3883,569
3893,568
3904,569
3914,569
3924,569
3935,568
3945,569
3955,568
3965,568
3977,568
3987,567
3997,568
4007,567
4018,567
4028,567
4039,568
4049,567
4060,567
4070,567
4080,567
4090,567
4102,567
4112,566
4122,566
4132,566
4143,566
4153,566
4163,566
4174,566
4185,567
4195,567
4205,567
4215,568
4226,568
4237,568
4247,568
4257,568
4268,568
4278,569
4288,568
4298,568
4310,568
4320,568
4330,568
4340,568
4350,568
4361,567
4372,568
4382,567
4392,568
4403,567
4413,568
4423,567
4434,567
4445,567
4455,567
4465,567
4475,567
4486,568
4496,567
4507,568
4517,567
4528,568
4538,567
4548,567
4558,567
4570,567
4580,567
4590,566
4600,566
4611,566
4621,567
4631,566
4642,566
4653,566
4663,566
4673,566
4683,566
4694,566
4705,565
4715,566
4725,565
4736,566
4746,565
4756,566
4767,565
4777,565
4788,565
4798,565
4808,565
4818,566
4829,566
4840,566
4850,566
4860,566
4871,567
4881,567
4891,567
4902,567
4913,568
4923,567
4933,567
4943,567
4954,567
4964,567
4975,568
4985,567
4996,567
5006,566
5016,566
5026,566
5038,566
5048,566
5058,566
5068,566
5079,566
5089,566
5100,566
5110,567
5121,566
5131,567
5141,566
5151,567
5161,566
5173,566
5183,566
5193,566
5203,566
5214,566
5224,566
5235,565
5245,565
5256,565
5266,565
5276,565
5286,565
5297,565
5308,565
5318,565
5328,565
5339,564
5349,565
5359,564
5370,565
5381,564
5391,565
5401,564
5411,564
5422,564
5433,564
5443,565
5453,564
5464,565
5474,565
5484,566
5494,566
5506,566
5516,566
5526,567
5536,567
5547,567
5557,567
5568,567
5578,566
5588,566
5599,566
5609,567
5619,566
5629,566
5641,566
5651,565
5661,566
5671,565
5682,566
5692,566
5703,566
5713,566
5724,566
5734,566
5744,566
5754,566
5766,566
5776,566
5786,565
5796,566
5807,566
5817,566
5827,565
5838,566
5849,565
5859,566
5869,565
5879,565
5890,565
5901,565
5911,565
5921,565
5932,565
5942,564
5952,565
5962,564
5974,565
5984,565
5994,565
6004,564
6014,564
6025,564
6036,564
6046,564
6056,564
6067,564
6077,564
6087,564
6098,564
6109,564
6119,564
6129,565
6139,565
6150,566
6160,566
6171,565
6181,566
6192,566
6202,566
6212,566
6222,566
6234,565
6244,566
6254,565
6264,566
6275,565
6285,566
6295,566
6306,566
6317,565
6327,565
6337,565
6347,565
6358,565
6369,565
6379,565
6389,565
6400,565
6410,565
6420,566
6431,566
6441,566
6452,565
6462,566
6472,565
6482,565
6493,565
6504,565
6514,565
6524,564
6535,565
6545,564
6555,564
6566,564
6577,564
6587,564
6597,564
6607,564
6618,564
6628,563
6639,564
6649,564
6660,564
6670,564
6680,564
6690,563
6702,564
6712,563
6722,564
6732,563
6743,564
6753,564
6764,564
6774,564
6785,564
6795,565
6805,565
6815,565
6825,565
6837,566
6847,566
6857,566
6867,566
6878,566
6888,565
6899,566
6909,565
6920,565
6930,565
6940,565
6950,565
6961,565
6972,565
6982,565
6992,565
7003,564
7013,565
7023,565
7034,565
7045,565
7055,565
7065,565
7075,566
7086,565
7097,565
7107,565
7117,565
7128,565
7138,565
7148,565
7158,565
7170,565
7180,564
7190,564
7200,564
7211,564
7221,564
7232,564
7242,564
7252,564
7263,563
7273,564
7283,563
7293,564
7305,564
7315,564
7325,563
7335,563
7346,563
7356,563
7367,564
7377,564
7388,564
7398,564
7408,565
7418,565
7430,565
7440,565
7450,566
7460,566
7471,566
7481,566
7491,566
7502,566
7513,566
7523,566
7533,566
7543,566
7554,566
7565,566
7575,566
7585,566
7596,565
7606,566
7616,565
7626,565
7638,565
7648,565
7658,566
7668,565
7678,566
7689,566
7700,566
7710,566
7720,566
7731,566
7741,566
7751,566
7762,566
7773,566
7783,566
7793,566
7803,565
7814,565
7824,565
7835,565
7845,565
7856,564
7866,565
7876,564
7886,565
7898,564
7908,564
7918,564
7928,564
7939,564
7949,564
7959,564
7970,564
7981,564
7991,564
8001,564
8011,564
8022,564
8033,564
8043,564
8053,565
8064,565
8074,565
8084,565
8095,566
8105,566
8116,567
8126,566
8136,567
8146,566
8157,566
8168,566
8178,566
8188,566
8199,566
8209,566
8219,566
8230,566
8241,566
8251,566
8261,565
8271,565
8282,566
8292,565
8303,566
8313,565
8324,566
8334,566
8344,567
8354,566
8366,566
8376,566
8386,566
8396,566
8407,566
8417,566
8428,565
8438,566
8449,566
8459,566
8469,565
8479,565
8489,565
8501,565
8511,565
8521,564
8531,565
8542,565
8552,566
8563,564
8573,565
8584,564
8594,565
8604,564
8614,565
8625,564
8636,564
8646,564
8656,564
8667,564
8677,563
8687,564
8698,564
8709,564
8719,564
8729,564
8739,564
8750,565
8761,565
8771,565
8781,566
8792,566
8802,566
8812,566
8822,566
8834,566
8844,567
8854,566
8864,567
8875,566
8885,566
8896,566
8906,566
8916,566
8927,566
8937,566
8947,565
8957,566
8969,565
8979,566
8989,566
8999,566
9010,566
9020,566
9031,566
9041,566
9052,566
9062,566
9072,566
9082,567
9094,566
9104,566
9114,566
9124,565
9135,566
9145,565
9155,565
9166,565
9177,565
9187,564
9197,565
9207,565
9218,565
9229,565
9239,564
9249,564
9260,564
9270,564
9280,564
9290,564
9302,564
9312,564
9322,564
9332,564
9342,563
9353,564
9364,563
9374,563
9384,563
9395,563
9405,563
9415,564
9426,564
9437,564
9447,564
9457,564
9467,565
9478,565
9488,565
9499,565
9509,566
9520,565
9530,566
9540,566
9550,566
9562,565
9572,566
9582,565
9592,565
9603,565
9613,565
9623,565
9634,565
9645,565
9655,565
9665,565
9675,565
9686,565
9697,565
9707,565
9717,565
9728,565
9738,565
9748,565
9759,565
9769,565
9780,565
9790,565
9800,565
9810,565
9821,565
9832,564
9842,565
9852,564
9863,565
9873,564
9883,564
9894,564
9905,564
9915,564
9925,564
9935,564
9946,563
9956,563
9967,563
9977,563
9988,563
9998,563
10008,563
10019,563
10032,563
10043,563
10054,564
10065,563
10077,563
10088,563
10100,563
10112,563
10123,564
10134,564
10145,564
10157,564
10169,565
10180,565
10191,566
10203,566
10214,566
10226,565
10237,565
10249,565
10260,565
10271,566
10283,565
10295,565
10306,565
10317,565
10329,565
10340,565
10351,565
10363,565
10375,564
10386,565
10397,565
10408,565
10420,565
10432,565
10443,565
10455,565
10466,565
10477,565
10488,565
10501,564
10512,564
10523,565
10534,564
10546,564
10558,564
10569,565
10580,564
10592,564
10603,563
10614,563
10627,563
10638,563
10649,563
10660,564
10672,564
10683,563
10695,563
10706,563
10718,562
10729,562
10740,563
10752,563
10764,563
10775,563
10786,563
10798,563
10809,563
10820,564
10832,564
10844,564
10855,565
10866,565
10877,566
10889,565
10901,565
10912,565
10924,565
10935,565
10946,565
10958,565
10970,565
10981,566
10992,565
11003,564
11015,564
11027,564
11038,564
11049,564
11061,564
11072,565
11083,565
11096,564
11107,564
11118,564
11129,564
11141,564
11152,565
11164,564
11175,564
11187,565
11198,564
11209,564
11220,564
11233,563
11244,563
11255,563
11267,563
11278,563
11290,564
11301,563
11313,563
11324,562
11335,562
11346,562
11359,562
11370,562
11381,562
11393,562
11404,562
11415,562
11427,563
11439,562
11450,562
11461,562
11472,562
11484,562
11496,562
11507,563
11518,563
11530,564
11541,564
11552,564
11565,565
11576,564
11587,564
11598,564
11610,564
11621,564
11633,564
11644,564
11656,564
11667,564
11678,564
11691,564
11702,564
11713,563
11724,564
11736,563
11747,564
11759,563
11770,563
11782,563
11793,564
11804,564
11815,564
11828,564
11839,563
11850,563
11862,563
11873,563
11884,564
11896,563
11908,563
11919,563
11930,563
11941,563
11953,563
11965,563
11976,562
11987,562
11999,562
12010,562
12022,562
12034,561
12045,561
12056,561
12067,561
12079,561
12091,561
12102,561
12113,561
12125,561
12136,560
12147,561
12160,561
12171,562
12182,562
12193,562
12205,563
12216,563
12228,563
12239,563
12251,563
12262,563
12273,564
12284,564
12297,563
12308,563
12319,563
12331,563
12342,563
12353,562
12365,563
12377,562
12388,562
12399,562
12410,562
12423,562
12434,562
12445,562
12456,562
12468,562
12479,562
12491,562
12503,563
12514,563
12525,562
12536,562
12548,562
12560,561
12571,561
12582,562
12594,562
12605,562
12616,562
12628,561
12640,561
12651,561
12662,561
12674,561
12685,560
12697,560
12708,560
12720,560
12731,560
12742,560
12754,560
12766,560
12777,559
12788,560
12800,559
12811,560
12823,561
12834,560
12846,561
12857,561
12868,561
12879,561
12892,562
12903,562
12914,562
12925,562
12937,562
12948,562
12960,562
12972,562
12983,562
12994,562
13005,562
13017,562
13029,562
13040,561
13051,561
13063,561
13074,560
13085,560
13097,561
13109,561
13120,561
13131,561
13143,561
13155,561
13166,561
13177,561
13189,561
13200,560
13211,561
13223,561
13235,561
13246,561
13257,560
13268,560
13280,560
13292,560
13303,559
13315,559
13326,560
13337,559
13348,559
13361,559
13372,559
13383,559
13394,559
13406,558
13417,558
13429,559
13441,558
13452,559
13463,559
13474,560
13487,560
13498,560
13509,560
13520,561
13532,561
13543,561
13555,562
13566,561
13578,562
13589,562
13600,562
13612,562
13624,561
13635,561
13646,561
13658,561
13669,561
13680,560
13692,561
13704,561
13715,561
13726,561
13737,561
13749,561
13761,561
13772,561
13784,561
13795,561
13806,561
13817,561
13830,561
13841,561
13852,561
13863,561
13875,561
13887,560
13898,560
13910,560
13921,560
13932,560
13943,560
13956,560
13967,560
13978,560
13989,560
14001,559
14012,559
14024,559
14035,559
14047,560
14058,560
14069,559
14081,559
14093,559
14104,559
14115,559
14127,559
14138,560
14149,561
14161,561
14173,561
14184,561
14195,561
14206,561
14219,561
14230,562
14241,562
14253,562
14264,562
14275,562
14287,562
14299,562
14310,561
14321,561
14332,561
14344,561
14356,561
14367,562
14379,562
14390,561
14401,561
14412,561
14425,561
14436,561
14447,561
14458,562
14470,562
14481,562
14493,562
14504,562
14516,561
14527,562
14538,561
14550,561
14562,561
14573,561
14584,561
14596,561
14607,560
14619,560
14630,560
14642,560
14653,560
14664,560
14675,560
14688,560
14699,560
14710,560
14722,559
14733,559
14744,559
14756,559
14768,559
14779,560
14790,561
14801,561
14813,561
14825,561
14836,561
14848,561
14859,562
14870,562
14881,562
14894,562
14905,562
14916,562
14927,562
14939,562
14951,561
14962,561
14973,561
14985,561
14996,561
15007,561
15020,561
15031,561
15042,561
15053,561
15065,561
15076,561
15088,561
15099,561
15111,561
15122,561
15133,562
15144,561
15157,561
15168,561
15179,561
15191,561
15202,560
15213,560
15225,560
15237,560
15248,560
15259,560
15270,560
15282,559
15294,559
15305,559
15316,559
15328,559
15339,559
15351,559
15363,559
15374,558
15385,558
15396,558
15408,558
15420,559
15431,560
15442,560
15454,560
15465,560
15476,560
15489,561
15500,561
15511,561
15522,561
15534,562
15545,562
15557,561
15568,561
15580,561
15591,561
15602,561
15613,561
15626,561
15637,561
15648,560
15660,560
15671,560
15683,560
15694,560
15706,561
15717,561
15728,561
15739,562
15752,561
15763,561
15774,561
15785,561
15797,560
15808,560
15820,561
15832,561
15843,561
15854,560
15865,560
15877,560
15889,560
15900,560
15911,560
15923,560
15934,560
15945,559
15958,559
15969,559
15980,559
15991,558
16003,558
16014,559
16026,559
16037,559
16049,559
16060,559
16071,560
16083,560
16095,560
16106,561
16117,561
16129,562
16140,562
16152,562
16163,562
16175,562
16186,562
16197,562
16208,562
16221,562
16232,562
16243,562
16254,561
16266,561
16277,561
16289,561
16301,561
16312,561
16323,562
16334,561
16346,561
16358,562
16369,561
16380,561
16392,562
16403,562
16415,562
16427,562
16438,562
16449,561
16460,561
16472,561
16484,561
16495,561
16506,561
16518,562
16529,561
16540,560
16552,560
16564,560
16575,560
16586,560
16598,560
16609,560
16621,560
16632,560
16644,559
16655,559
16666,559
16677,559
16690,560
16701,561
16712,561
16723,561
16735,561
16746,562
16758,562
16770,562
16781,562
16792,563
16803,563
16816,563
16827,563
16838,563
16849,563
16861,562
16872,563
16884,562
16896,562
16907,562
16918,562
16929,562
16941,562
16953,562
16964,562
16975,562
16987,562
16998,562
17009,563
17021,563
17033,563
17044,562
17055,562
17067,562
17078,562
17090,562
17101,563
17113,562
17124,562
17135,561
17147,561
17159,561
17170,561
17181,561
17192,562
17204,561
17216,561
17227,561
17239,561
17250,560
17261,560
17272,561
17285,561
17296,561
17307,561
17318,560
17330,561
17341,561
17353,561
17364,561
17376,561
17387,561
17398,562
17410,562
17422,563
17433,564
17444,563
17456,563
17467,563
17478,563
17490,563
17502,563
17513,563
17524,563
17536,564
17548,563
17559,563
17570,562
17582,563
17593,562
17604,562
17616,563
17628,563
17639,563
17650,563
17661,563
17673,563
17685,563
17696,563
17708,564
17719,563
17730,563
17741,563
17754,563
17765,562
17776,562
17787,562
17799,562
17810,563
17822,563
17833,562
17845,562
17856,562
17867,561
17880,561
17891,561
17902,561
17913,561
17925,561
17936,562
17948,561
17959,561
17971,561
17982,561
17993,561
18004,561
18017,561
18028,561
18039,562
18051,562
18062,562
18073,563
18085,562
18097,563
18108,564
18119,564
18130,564
18142,564
18154,564
18165,564
18177,564
18188,564
18199,563
18210,564
18223,564
18234,563
18245,563
18256,563
18268,563
18280,563
18291,563
18302,563
18314,563
18325,563
18336,563
18349,563
18360,563
18371,563
18382,563
18394,563
18405,563
18417,563
18428,563
18440,563
18451,562
18462,562
18473,562
18486,562
18497,562
18508,562
18520,561
18531,561
18542,561
18554,561
18566,561
18577,561
18588,561
18599,561
18612,561
18623,560
18634,560
18646,560
18657,560
18668,560
18680,560
18692,560
18703,560
18714,560
18725,560
18737,560
18749,561
18760,561
18771,562
18783,562
18794,563
18805,563
18818,563
18829,563
18840,563
18851,563
18863,563
18874,563
18886,563
18897,563
18909,563
18920,562
18931,562
18942,562
18955,562
18966,562
18977,562
18989,563
19000,562
19012,562
19023,562
19035,562
19046,562
19057,562
19068,562
19081,563
19092,562
19103,562
19115,562
19126,562
19137,562
19149,561
19161,561
19172,561
19183,562
19194,561
19206,561
19218,561
19229,561
19240,560
19252,560
19263,560
19274,561
19287,561
19298,560
19309,560
19320,560
19332,560
19344,560
19355,559
19366,560
19378,560
19389,560
19400,560
19412,560
19424,561
19435,561
19446,561
19458,561
19469,562
19481,563
19492,563
19504,563
19515,563
19526,563
19537,562
19550,562
19561,562
19572,562
19584,563
19595,563
19606,563
19618,562
19630,562
19641,562
19652,562
19663,562
19675,562
19687,562
19698,563
19709,562
19721,562
19732,562
19744,562
19756,562
19767,562
19778,562
19789,563
19801,563
19813,562
19824,562
19835,561
19847,562
19858,561
19869,561
19881,561
19893,561
19904,561
19915,561
19927,560
19938,561
19950,560
19961,560
19973,560
19984,560
19995,560
20006,561
20019,560
20030,560
20041,559
20052,560
20064,560
20076,560
20087,560
20099,560
20110,560
20121,561
20132,561
20145,561
20156,562
20167,562
20178,562
20190,563
20201,563
20213,563
20225,563
20236,562
20247,562
20258,562
20270,562
20282,562
20293,562
20304,562
20316,562
20327,562
20338,561
20350,562
20362,562
20373,561
20384,562
20396,562
20407,562
20419,562
20430,562
20442,562
20453,562
20464,562
20476,562
20488,561
20499,562
20510,562
20521,561
20533,561
20545,561
20556,561
20568,560
20579,560
20590,560
20601,560
20614,560
20625,560
20636,560
20647,560
20659,559
20670,559
20682,559
20694,559
20705,559
20716,559
20727,559
20739,559
20751,559
20762,559
20773,559
20785,559
20796,559
20808,561
20819,561
20831,561
20842,561
20853,561
20865,562
20877,561
20888,561
20899,562
20911,562
20922,562
20933,562
20945,562
20957,561
20968,561
20979,561
20990,561
21002,560
21014,561
21025,561
21037,561
21048,560
21059,560
21070,560
21083,561
21094,560
21105,560
21116,561
21128,561
21139,561
21151,561
21163,560
21174,560
21185,560
21196,560
21209,560
21220,560
21231,560
21242,560
21254,560
21265,559
21277,559
21288,559
21300,559
21311,559
21322,559
21334,558
21346,558
21357,558
21368,558
21380,558
21391,557
21402,558
21414,557
21426,558
21437,558
21448,557
21459,557
21471,558
21483,557
21494,558
21506,558
21517,559
21528,559
21540,559
21552,560
21563,560
21574,561
21585,561
21597,560
21609,560
21620,560
21632,560
21643,560
21654,560
21665,559
21678,559
21689,559
21700,559
21711,559
21723,559
21734,559
21746,559
21757,559
21769,559
21780,559
21791,559
21803,559
21815,559
21826,559
21837,559
21849,559
21860,559
21871,559
21883,558
21895,558
21906,558
21917,558
21928,557
21941,558
21952,557
21963,558
21975,558
21986,557
21997,558
22009,557
22021,557
22032,557
22043,557
22054,557
22066,556
22078,556
22089,557
22100,557
22112,557
22123,557
22134,556
22147,557
22158,557
22169,558
22180,558
22192,558
22203,558
22215,559
22226,560
22238,560
22249,560
22260,560
22273,560
22284,559
22295,559
22306,559
22318,559
22329,559
22341,559
22352,559
22364,559
22375,558
22386,559
22397,558
22410,558
22421,558
22432,558
22444,558
22455,559
22466,559
22478,559
22490,559
22501,559
22512,558
22523,558
22535,558
22547,558
22558,558
22569,558
22581,558
22592,558
22603,557
22616,557
22627,557
22638,557
22649,557
22661,556
22673,557
22684,557
22695,557
22707,556
22718,556
22729,556
22742,556
22753,556
22764,556
22775,556
22787,556
22798,557
22810,557
22821,557
22833,558
22844,558
22855,558
22866,558
22879,559
22890,559
22901,559
22913,559
22924,559
22935,559
22947,559
22959,560
22970,559
22981,559
22992,559
23005,558
23016,558
23027,558
23038,558
23050,558
23061,558
23073,558
23085,559
23096,559
23107,558
23118,558
23130,558
23142,558
23153,558
23164,558
23176,558
23187,558
23198,558
23211,558
23222,558
23233,558
23244,557
23256,557
23267,557
23279,557
23290,557
23302,556
23313,556
23324,556
23335,556
23348,557
23359,556
23370,556
23382,556
23393,556
23405,556
23416,556
23428,556
23439,555
23450,556
23461,557
23474,557
23485,558
23496,558
23507,558
23519,558
23530,558
23542,559
23554,559
23565,559
23576,558
23587,559
23599,559
23611,559
23622,559
23633,558
23645,559
23656,558
23667,558
23680,558
23691,558
23702,558
23713,558
23725,558
23737,558
23748,559
23759,558
23771,558
23782,558
23793,558
23805,558
23817,558
23828,558
23839,558
23851,558
23862,558
23874,558
23885,558
23897,557
23908,557
23919,557
23930,557
23943,556
23954,557
23965,556
23976,556
23988,556
23999,556
24011,556
24023,557
24034,556
24045,556
24056,555
24068,555
24080,555
24091,555
24102,556
24114,556
24125,556
24137,557
24148,558
24160,558
24171,558
24182,558
24194,558
24206,559
24217,559
24228,559
24240,558
24251,559
24262,559
24274,558
24286,558
24297,558
24308,558
24320,557
24331,558
24343,558
24354,557
24366,558
24377,558
24388,557
24399,558
24412,557
24423,558
24434,557
24445,558
24457,558
24469,558
24480,558
24492,558
24503,557
24514,557
24525,557
24538,557
24549,556
24560,557
24571,557
24583,557
24594,556
24606,556
24617,556
24629,556
24640,556
24651,556
24663,555
24675,556
24686,555
24697,556
24709,556
24720,556
24731,555
24743,556
24755,556
24766,556
24777,556
24788,557
24800,557
24812,558
24823,558
24835,558
24846,559
24857,559
24869,559
24881,558
24892,559
24903,559
24914,558
24926,559
24938,559
24949,559
24961,558
24972,558
24983,558
24994,558
25007,558
25018,558
25029,559
25040,558
25052,558
25063,558
25075,558
25086,558
25098,558
25109,558
25120,558
25132,558
25144,558
25155,558
25166,558
25178,558
25189,557
25201,557
25212,557
25224,557
25235,557
25246,557
25257,558
25270,557
25281,557
25292,556
25304,556
25315,556
25326,556
25338,556
25350,556
25361,556
25372,556
25383,557
25395,557
25407,557
25418,557
25430,558
25441,559
25452,559
25463,559
25476,559
25487,559
25498,559
25509,559
25521,559
25532,559
25544,560
25555,560
25567,560
25578,560
25589,559
25602,559
25613,559
25624,559
25635,559
25647,559
25658,560
25670,560
25681,560
25693,559
25704,559
25715,559
25726,559
25739,559
25750,560
25761,561
25773,560
25784,560
25795,559
25807,559
25819,559
25830,559
25841,558
25852,559
25864,559
25876,559
25887,558
25899,558
25910,558
25921,558
25933,558
25945,558
25956,558
25967,558
25978,558
25990,558
26002,557
26013,558
26024,557
26036,558
26047,558
26058,558
26071,559
26082,560
26093,560
26104,560
26116,560
26127,560
26139,560
26150,561
26162,561
26173,561
26184,560
26195,561
26208,561
26219,561
26230,561
26242,561
26253,561
26264,560
26276,560
26288,560
26299,560
26310,560
26321,560
26334,560
26345,561
26356,561
26368,561
26379,561
26390,561
26402,561
26414,561
26425,560
26436,560
26447,560
26459,560
26471,560
26482,560
26493,560
26505,560
26516,560
26527,559
26540,559
26551,559
26562,559
26573,559
26585,559
26596,560
26608,559
26619,559
26631,559
26642,558
26653,558
26665,558
26677,558
26688,558
26699,559
26711,559
26722,559
26734,559
26745,559
26757,559
26768,560
26779,561
26790,561
26803,562
26814,561
26825,561
26836,561
26848,561
26859,561
26871,561
26883,561
26894,562
26905,561
26916,561
26928,561
26940,561
26951,561
26962,561
26974,561
26985,561
26996,562
27009,561
27020,561
27031,561
27042,561
27054,561
27066,561
27077,561
27088,561
27100,561
27111,561
27122,561
27134,561
27146,561
27157,560
27168,561
27180,560
27191,560
27203,561
27214,560
27226,560
27237,560
27248,560
27259,560
27272,560
27283,560
27294,560
27305,560
27317,560
27328,560
27340,560
27352,559
27363,559
27374,560
27385,560
27398,560
27409,560
27420,560
27431,560
27443,561
27454,561
27466,561
27478,562
27489,563
27500,562
27511,562
27523,562
27535,562
27546,562
27557,562
27569,562
27580,563
27591,562
27603,562
27615,562
27626,562
27637,562
27649,562
27660,562
27672,563
27683,562
27695,562
27706,562
27717,562
27728,562
27741,562
27752,562
27763,562
27774,562
27786,562
27798,562
27809,562
27821,561
27832,561
27843,561
27854,561
27867,561
27878,561
27889,561
27900,560
27912,560
27923,560
27935,560
27947,561
27958,560
27969,560
27980,560
27992,560
28004,560
28015,560
28026,560
28038,559
28049,560
28060,560
28072,560
28084,561
28095,561
28106,561
28118,561
28130,562
28141,562
28152,563
28164,563
28175,563
28186,563
28198,563
28210,563
28221,563
28232,563
28243,563
28255,563
28267,564
28278,563
28290,563
28301,562
28312,562
28323,562
28336,562
28347,563
28358,563
28369,563
28381,563
28392,563
28404,563
28416,563
28427,563
28438,563
28449,563
28461,563
28473,562
28484,562
28495,562
28507,562
28518,562
28530,561
28541,562
28553,562
28564,562
28575,561
28587,561
28599,561
28610,561
28621,561
28633,561
28644,561
28655,561
28667,561
