0,562
0,562
1,562
1,562
1,561
2,562
2,562
2,562
3,563
5,565
12,571
20,576
28,576
36,576
46,574
54,575
62,574
70,575
78,568
87,561
95,557
103,560
113,556
122,556
132,558
141,558
150,558
159,556
168,556
179,556
188,557
197,558
206,558
216,558
225,558
234,558
244,559
253,558
263,558
272,556
281,555
290,552
300,547
310,543
319,544
328,542
337,540
347,539
356,537
365,536
375,533
385,532
394,530
403,528
412,526
421,526
431,525
441,524
450,524
459,524
468,523
478,522
487,523
496,523
505,524
516,524
525,525
534,525
543,525
552,526
562,526
571,525
581,524
590,524
600,524
609,526
618,528
627,530
636,533
647,535
656,537
665,538
674,540
684,542
693,542
702,543
712,543
721,544
731,544
740,544
749,545
758,546
768,547
778,548
787,550
796,552
805,553
815,555
824,557
833,558
843,559
852,560
862,561
871,563
880,563
889,563
899,561
909,560
918,559
927,558
936,557
946,556
955,556
964,556
974,555
984,555
993,556
1002,557
1012,556
1022,557
1033,557
1044,557
1054,558
1064,558
1075,557
1085,558
1095,557
1106,557
1117,557
1127,557
1137,556
1147,556
1158,556
1168,556
1179,555
1189,554
1200,555
1210,555
1220,554
1230,556
1242,555
1252,555
1262,555
1272,555
1283,555
1293,555
1303,554
1314,554
1325,554
1335,554
1345,553
1355,553
1366,553
1377,553
1387,552
1397,553
1408,552
1418,552
1428,551
1439,552
1449,552
1460,552
1470,552
1480,551
1490,551
1501,551
1512,551
1522,551
1532,551
1543,551
1553,550
1563,551
1574,551
1585,550
1595,551
1605,550
1615,550
1626,550
1636,549
1647,550
1657,549
1668,550
1678,550
1688,549
1698,549
1710,549
1720,549
1730,549
1740,549
1751,549
1761,548
1772,549
1782,549
1793,549
1803,548
1813,548
1823,547
1833,548
1845,548
1855,547
1865,548
1875,548
1886,548
1896,550
1907,549
1917,548
1928,548
1938,548
1948,549
1958,548
1969,548
1980,548
1990,549
2000,548
2011,548
2021,549
2031,548
2042,548
2053,548
2063,548
2073,548
2083,547
2094,549
2105,548
2115,547
2125,547
2136,547
2146,547
2156,547
2166,547
2178,547
2188,547
2198,547
2208,547
2219,547
2229,548
2240,546
2250,547
2260,547
2271,547
2281,546
2291,546
2301,546
2313,546
2323,546
2333,546
2343,546
2354,546
2364,545
2375,545
2385,545
2396,546
2406,545
2416,545
2426,546
2438,545
2448,545
2458,545
2468,545
2479,545
2489,545
2499,544
2510,546
2521,544
2531,544
2541,544
2551,543
2562,544
2573,544
2583,544
2593,545
2604,544
2614,545
2624,544
2634,545
2646,544
2656,545
2666,544
2676,545
2686,544
2697,544
2708,544
2718,544
2728,544
2739,544
2749,544
2759,544
2770,544
2781,544
2791,543
2801,543
2811,544
2822,543
2832,543
2843,543
2853,543
2864,543
2874,543
2884,543
2894,544
2906,543
2916,543
2926,543
2936,543
2947,543
2957,543
2967,543
2978,544
2989,543
2999,542
3009,542
3019,542
3030,542
3041,542
3051,542
3061,542
3072,542
3082,542
3092,542
3103,541
3113,542
3124,542
3134,541
3144,541
3154,541
3165,541
3176,542
3186,542
3196,541
3207,542
3217,541
3227,541
3238,541
3249,541
3259,541
3269,542
3279,542
3290,542
3300,541
3311,542
3321,542
3332,542
3342,542
3352,542
3362,541
3374,541
3384,542
3394,542
3404,541
3415,541
3425,541
3436,541
3446,541
3457,541
3467,541
3477,541
3487,541
3497,541
3509,541
3519,541
3529,540
3539,541
3550,541
3560,541
3571,541
3581,540
3592,541
3602,541
3612,540
3622,540
3633,540
3644,540
3654,541
3664,540
3675,540
3685,541
3695,540
3706,540
3717,540
3727,541
3737,540
3747,539
3758,540
3769,540
3779,539
3789,539
3800,539
3810,538
3820,538
3830,538
3842,539
3852,538
3862,538
3872,539
3883,539
3893,540
3904,539
3914,540
3924,540
3935,541
3945,540
3955,539
3965,540
3977,540
3987,539
3997,539
4007,540
4018,539
4028,540
4039,539
4049,539
4060,540
4070,539
4080,540
4090,539
4102,539
4112,539
4122,539
4132,538
4143,538
4153,538
4163,538
4174,539
4185,539
4195,539
4205,539
4215,539
4226,540
4237,538
4247,539
4257,538
4268,538
4278,538
4288,538
4298,539
4310,538
4320,538
4330,538
4340,537
4350,538
4361,538
4372,537
4382,538
4392,539
4403,537
4413,538
4423,538
4434,537
4445,538
4455,537
4465,538
4475,537
4486,538
4496,537
4507,538
4517,537
4528,537
4538,538
4548,538
4558,539
4570,538
4580,538
4590,538
4600,539
4611,538
4621,538
4631,539
4642,540
4653,538
4663,539
4673,538
4683,538
4694,538
4705,538
4715,538
4725,540
4736,539
4746,538
4756,538
4767,538
4777,539
4788,538
4798,538
4808,538
4818,538
4829,538
4840,538
4850,538
4860,537
4871,538
4881,538
4891,538
4902,538
4913,538
4923,538
4933,537
4943,538
4954,538
4964,537
4975,537
4985,539
4996,537
5006,537
5016,537
5026,536
5038,537
5048,537
5058,538
5068,537
5079,537
5089,537
5100,537
5110,537
5121,537
5131,536
5141,537
5151,536
5161,537
5173,537
5183,535
5193,537
5203,537
5214,537
5224,538
5235,536
5245,537
5256,538
5266,537
5276,538
5286,538
5297,538
5308,538
5318,538
5328,538
5339,538
5349,538
5359,538
5370,538
5381,538
5391,538
5401,537
5411,537
5422,537
5433,537
5443,538
5453,537
5464,538
5474,537
5484,537
5494,537
5506,537
5516,538
5526,538
5536,538
5547,537
5557,539
5568,537
5578,537
5588,537
5599,537
5609,537
5619,538
5629,537
5641,537
5651,537
5661,537
5671,537
5682,537
5692,536
5703,537
5713,537
5724,537
5734,536
5744,536
5754,536
5766,536
5776,536
5786,536
5796,536
5807,537
5817,536
5827,536
5838,536
5849,536
5859,536
5869,537
5879,537
5890,538
5901,535
5911,537
5921,536
5932,536
5942,536
5952,536
5962,537
5974,538
5984,538
5994,538
6004,538
6014,538
6025,538
6036,539
6046,538
6056,539
6067,537
6077,538
6087,538
6098,538
6109,535
6119,536
6129,534
6139,534
6150,534
6160,532
6171,533
6181,531
6192,531
6202,531
6212,531
6222,534
6234,534
6244,543
6254,549
6264,551
6275,553
6285,556
6295,559
6306,562
6317,560
6327,557
6337,556
6347,555
6358,554
6369,554
6379,554
6389,553
6400,552
6410,551
6420,550
6431,549
6441,548
6452,546
6462,542
6472,539
6482,536
6493,534
6504,531
6514,529
6524,527
6535,526
6545,526
6555,525
6566,522
6577,521
6587,517
6597,517
6607,516
6618,518
6628,523
6639,526
6649,529
6660,530
6670,532
6680,534
6690,536
6702,537
6712,538
6722,539
6732,538
6743,539
6753,539
6764,540
6774,540
6785,540
6795,542
6805,542
6815,544
6825,543
6837,546
6847,546
6857,546
6867,546
6878,547
6888,549
6899,548
6909,549
6920,550
6930,550
6940,551
6950,552
6961,552
6972,553
6982,554
6992,554
7003,555
7013,556
7023,556
7034,556
7045,556
7055,557
7065,556
7075,556
7086,556
7097,556
7107,556
7117,556
7128,555
7138,555
7148,555
7158,555
7170,555
7180,556
7190,555
7200,555
7211,557
7221,556
7232,555
7242,556
7252,556
7263,555
7273,556
7283,558
7293,557
7305,558
7315,558
7325,557
7335,558
7346,558
7356,557
7367,557
7377,557
7388,558
7398,557
7408,557
7418,558
7430,557
7440,558
7450,557
7460,557
7471,559
7481,557
7491,557
7502,557
7513,556
7523,556
7533,557
7543,556
7554,557
7565,556
7575,557
7585,556
7596,556
7606,555
7616,556
7626,556
7638,556
7648,556
7658,554
7668,555
7678,555
7689,556
7700,554
7710,554
7720,556
7731,554
7741,555
7751,555
7762,555
7773,555
7783,556
7793,555
7803,554
7814,555
7824,556
7835,555
7845,555
7856,555
7866,556
7876,555
7886,557
7898,556
7908,557
7918,557
7928,558
7939,558
7949,558
7959,558
7970,558
7981,558
7991,558
8001,558
8011,557
8022,558
8033,560
8043,557
8053,559
8064,557
8074,557
8084,557
8095,557
8105,557
8116,556
8126,557
8136,556
8146,558
8157,557
8168,556
8178,557
8188,556
8199,557
8209,557
8219,557
8230,556
8241,556
8251,556
8261,556
8271,556
8282,556
8292,556
8303,556
8313,556
8324,555
8334,555
8344,555
8354,554
8366,555
8376,556
8386,556
8396,555
8407,555
8417,555
8428,555
8438,555
8449,555
8459,554
8469,555
8479,555
8489,555
8501,555
8511,555
8521,553
8531,555
8542,555
8552,556
8563,556
8573,555
8584,555
8594,555
8604,556
8614,556
8625,556
8636,556
8646,556
8656,556
8667,556
8677,556
8687,556
8698,556
8709,557
8719,558
8729,556
8739,556
8750,557
8761,556
8771,556
8781,556
8792,556
8802,556
8812,556
8822,556
8834,556
8844,556
8854,556
8864,556
8875,556
8885,557
8896,556
8906,556
8916,556
8927,556
8937,556
8947,557
8957,556
8969,557
8979,556
8989,556
8999,556
9010,557
9020,555
9031,556
9041,556
9052,558
9062,557
9072,556
9082,556
9094,556
9104,555
9114,557
9124,556
9135,556
9145,557
9155,557
9166,556
9177,556
9187,557
9197,556
9207,557
9218,557
9229,558
9239,557
9249,558
9260,558
9270,559
9280,558
9290,559
9302,559
9312,558
9322,559
9332,559
9342,558
9353,559
9364,559
9374,559
9384,560
9395,559
9405,559
9415,560
9426,560
9437,560
9447,560
9457,559
9467,560
9478,560
9488,561
9499,560
9509,561
9520,560
9530,561
9540,561
9550,561
9562,560
9572,560
9582,561
9592,560
9603,560
9613,560
9623,561
9634,561
9645,561
9655,561
9665,560
9675,560
9686,560
9697,560
9707,561
9717,561
9728,561
9738,560
9748,561
9759,560
9769,560
9780,560
9790,560
9800,560
9810,560
9821,560
9832,560
9842,560
9852,559
9863,560
9873,560
9883,561
9894,560
9905,561
9915,561
9925,562
9935,561
9946,562
9956,562
9967,562
9977,562
9988,563
9998,563
10008,562
10019,563
10032,563
10043,563
10054,563
10065,562
10077,562
10088,563
10100,562
10112,563
10123,563
10134,562
10145,562
10157,562
10169,563
10180,563
10191,562
10203,563
10214,563
10226,563
10237,563
10249,563
10260,563
10271,563
10283,563
10295,563
10306,562
10317,562
10329,562
10340,564
10351,562
10363,562
10375,563
10386,562
10397,562
10408,562
10420,562
10432,562
10443,562
10455,562
10466,562
10477,562
10488,562
10501,562
10512,562
10523,562
10534,561
10546,561
10558,562
10569,562
10580,562
10592,562
10603,563
10614,563
10627,563
10638,563
10649,565
10660,563
10672,564
10683,564
10695,563
10706,564
10718,565
10729,563
10740,564
10752,564
10764,564
10775,564
10786,564
10798,564
10809,564
10820,563
10832,564
10844,564
10855,564
10866,564
10877,564
10889,564
10901,564
10912,564
10924,565
10935,565
10946,564
10958,564
10970,563
10981,564
10992,564
11003,563
11015,565
11027,564
11038,563
11049,564
11061,564
11072,563
11083,563
11096,564
11107,564
11118,563
11129,564
11141,563
11152,563
11164,562
11175,563
11187,563
11198,563
11209,563
11220,562
11233,562
11244,562
11255,562
11267,562
11278,562
11290,563
11301,563
11313,563
11324,563
11335,563
11346,564
11359,564
11370,564
11381,565
11393,564
11404,564
11415,564
11427,564
11439,564
11450,564
11461,565
11472,565
11484,564
11496,565
11507,564
11518,564
11530,564
11541,564
11552,564
11565,564
11576,564
11587,564
11598,564
11610,565
11621,564
11633,563
11644,564
11656,564
11667,564
11678,564
11691,564
11702,563
11713,564
11724,563
11736,564
11747,564
11759,563
11770,563
11782,563
11793,563
11804,562
11815,562
11828,563
11839,563
11850,564
11862,563
11873,562
11884,562
11896,563
11908,562
11919,563
11930,563
11941,562
11953,562
11965,562
11976,562
11987,562
11999,563
12010,562
12022,562
12034,563
12045,563
12056,562
12067,563
12079,563
12091,563
12102,563
12113,564
12125,564
12136,563
12147,563
12160,563
12171,563
12182,563
12193,563
12205,564
12216,563
12228,563
12239,563
12251,563
12262,562
12273,563
12284,563
12297,563
12308,564
12319,563
12331,562
12342,563
12353,563
12365,563
12377,563
12388,563
12399,562
12410,562
12423,563
12434,562
12445,562
12456,563
12468,562
12479,564
12491,562
12503,562
12514,561
12525,562
12536,562
12548,561
12560,562
12571,562
12582,562
12594,562
12605,561
12616,561
12628,562
12640,562
12651,562
12662,561
12674,561
12685,561
12697,561
12708,561
12720,561
12731,562
12742,561
12754,562
12766,561
12777,562
12788,562
12800,562
12811,562
12823,563
12834,562
12846,564
12857,562
12868,562
12879,562
12892,562
12903,563
12914,563
12925,562
12937,562
12948,563
12960,562
12972,563
12983,562
12994,563
13005,563
13017,562
13029,562
13040,563
13051,562
13063,562
13074,562
13085,562
13097,563
13109,562
13120,562
13131,562
13143,562
13155,562
13166,562
13177,562
13189,562
13200,562
13211,562
13223,561
13235,561
13246,561
13257,562
13268,562
13280,561
13292,561
13303,560
13315,561
13326,561
13337,560
13348,561
13361,560
13372,561
13383,561
13394,560
13406,561
13417,561
13429,561
13441,561
13452,562
13463,562
13474,562
13487,561
13498,561
13509,562
13520,562
13532,562
13543,562
13555,563
13566,562
13578,563
13589,562
13600,562
13612,562
13624,562
13635,563
13646,562
13658,561
13669,562
13680,562
13692,563
13704,562
13715,562
13726,563
13737,562
13749,562
13761,562
13772,562
13784,562
13795,562
13806,562
13817,563
13830,562
13841,562
13852,562
13863,562
13875,561
13887,562
13898,562
13910,562
13921,562
13932,561
13943,562
13956,561
13967,561
13978,562
13989,561
14001,561
14012,561
14024,562
14035,561
14047,561
14058,561
14069,561
14081,561
14093,561
14104,561
14115,561
14127,561
14138,562
14149,562
14161,562
14173,562
14184,563
14195,562
14206,563
14219,563
14230,562
14241,563
14253,563
14264,562
14275,563
14287,563
14299,562
14310,563
14321,563
14332,562
14344,562
14356,562
14367,563
14379,562
14390,563
14401,564
14412,563
14425,562
14436,563
14447,564
14458,563
14470,563
14481,563
14493,563
14504,563
14516,563
14527,563
14538,563
14550,563
14562,563
14573,564
14584,562
14596,562
14607,562
14619,563
14630,562
14642,562
14653,562
14664,561
14675,562
14688,561
14699,562
14710,562
14722,562
14733,561
14744,561
14756,561
14768,561
14779,561
14790,561
14801,562
14813,562
14825,562
14836,562
14848,562
14859,562
14870,563
14881,563
14894,563
14905,564
14916,563
14927,563
14939,563
14951,563
14962,563
14973,564
14985,563
14996,564
15007,563
15020,563
15031,563
15042,564
15053,563
15065,563
15076,564
15088,563
15099,563
15111,563
15122,563
15133,563
15144,563
15157,563
15168,563
15179,564
15191,563
15202,563
15213,563
15225,562
15237,563
15248,562
15259,563
15270,563
15282,563
15294,563
15305,562
15316,562
15328,563
15339,562
15351,562
15363,563
15374,562
15385,561
15396,562
15408,563
15420,562
15431,562
15442,562
15454,562
15465,562
15476,561
15489,562
15500,561
15511,561
15522,561
15534,562
15545,563
15557,562
15568,563
15580,563
15591,563
15602,563
15613,563
15626,564
15637,564
15648,564
15660,563
15671,563
15683,563
15694,563
15706,563
15717,564
15728,564
15739,563
15752,563
15763,563
15774,563
15785,563
15797,563
15808,563
15820,564
15832,564
15843,563
15854,564
15865,564
15877,564
15889,564
15900,564
15911,563
15923,563
15934,563
15945,563
15958,563
15969,563
15980,562
15991,563
16003,563
16014,563
16026,563
16037,563
16049,563
16060,562
16071,563
16083,564
16095,563
16106,562
16117,562
16129,561
16140,563
16152,561
16163,562
16175,561
16186,562
16197,562
16208,563
16221,562
16232,562
16243,563
16254,563
16266,563
16277,563
16289,562
16301,563
16312,563
16323,562
16334,563
16346,562
16358,563
16369,562
16380,562
16392,562
16403,563
16415,562
16427,562
16438,562
16449,561
16460,561
16472,562
16484,561
16495,561
16506,561
16518,561
16529,561
16540,561
16552,562
16564,561
16575,561
16586,560
16598,560
16609,561
16621,561
16632,561
16644,561
16655,561
16666,560
16677,561
16690,560
16701,560
16712,560
16723,560
16735,560
16746,560
16758,560
16770,560
16781,559
16792,560
16803,560
16816,559
16827,559
16838,559
16849,559
16861,559
16872,561
16884,559
16896,561
16907,560
16918,561
16929,561
16941,561
16953,561
16964,561
16975,561
16987,562
16998,562
17009,561
17021,562
17033,561
17044,563
17055,561
17067,561
17078,563
17090,562
17101,561
17113,561
17124,562
17135,562
17147,562
17159,562
17170,562
17181,562
17192,562
17204,563
17216,562
17227,561
17239,562
17250,562
17261,562
17272,561
17285,562
17296,561
17307,562
17318,561
17330,561
17341,562
17353,562
17364,561
17376,561
17387,561
17398,561
17410,561
17422,561
17433,561
17444,561
17456,561
17467,561
17478,561
17490,560
17502,561
17513,560
17524,560
17536,560
17548,560
17559,561
17570,560
17582,560
17593,561
17604,563
17616,562
17628,562
17639,562
17650,562
17661,563
17673,562
17685,562
17696,562
17708,563
17719,563
17730,563
17741,563
17754,563
17765,563
17776,563
17787,563
17799,563
17810,563
17822,563
17833,563
17845,563
17856,563
17867,563
17880,563
17891,562
17902,563
17913,563
17925,563
17936,563
17948,563
17959,563
17971,565
17982,563
17993,563
18004,563
18017,561
18028,562
18039,563
18051,563
18062,563
18073,563
18085,563
18097,562
18108,562
18119,563
18130,562
18142,562
18154,562
18165,563
18177,563
18188,561
18199,562
18210,562
18223,562
18234,562
18245,562
18256,562
18268,562
18280,561
18291,561
18302,562
18314,563
18325,564
18336,563
18349,564
18360,564
18371,563
18382,564
18394,564
18405,564
18417,564
18428,564
18440,564
18451,564
18462,564
18473,564
18486,564
18497,564
18508,564
18520,564
18531,564
18542,564
18554,564
18566,564
18577,563
18588,564
18599,564
18612,564
18623,564
18634,565
18646,564
18657,564
18668,564
18680,565
18692,565
18703,565
18714,564
18725,563
18737,563
18749,564
18760,563
18771,563
18783,564
18794,564
18805,563
18818,563
18829,563
18840,564
18851,563
18863,563
18874,563
18886,563
18897,563
18909,562
18920,562
18931,563
18942,562
18955,563
18966,563
18977,563
18989,563
19000,563
19012,563
19023,564
19035,565
19046,564
19057,565
19068,565
19081,566
19092,566
19103,566
19115,566
19126,567
19137,567
19149,568
19161,568
19172,568
19183,568
19194,568
19206,568
19218,568
19229,567
19240,569
19252,568
19263,568
19274,569
19287,568
19298,569
19309,568
19320,569
19332,568
19344,569
19355,569
19366,568
19378,568
19389,568
19400,569
19412,569
19424,569
19435,570
19446,568
19458,568
19469,568
19481,569
19492,568
19504,568
19515,569
19526,568
19537,567
19550,568
19561,568
19572,567
19584,567
19595,568
19606,568
19618,567
19630,567
19641,568
19652,567
19663,567
19675,567
19687,567
19698,567
19709,567
19721,568
19732,568
19744,568
19756,568
19767,569
19778,569
19789,570
19801,570
19813,570
19824,570
19835,569
19847,569
19858,569
19869,569
19881,571
19893,571
19904,571
19915,570
19927,570
19938,570
19950,570
19961,570
19973,570
19984,570
19995,570
20006,569
20019,569
20030,570
20041,570
20052,570
20064,571
20076,571
20087,570
20099,570
20110,570
20121,570
20132,570
20145,570
20156,570
20167,570
20178,569
20190,569
20201,569
20213,569
20225,569
20236,570
20247,569
20258,569
20270,570
20282,569
20293,568
20304,568
20316,569
20327,568
20338,569
20350,568
20362,568
20373,568
20384,568
20396,568
20407,568
20419,568
20430,568
20442,568
20453,568
20464,569
20476,568
20488,569
20499,570
20510,570
20521,571
20533,572
20545,571
20556,571
20568,570
20579,570
20590,570
20601,570
20614,570
20625,570
20636,570
20647,570
20659,570
20670,570
20682,570
20694,571
20705,572
20716,571
20727,570
20739,571
20751,571
20762,570
20773,570
20785,570
20796,571
20808,571
20819,570
20831,570
20842,570
20853,570
20865,570
20877,571
20888,570
20899,571
20911,570
20922,570
20933,569
20945,569
20957,569
20968,570
20979,569
20990,569
21002,570
21014,569
21025,569
21037,569
21048,569
21059,569
21070,570
21083,570
21094,568
21105,568
21116,567
21128,568
21139,568
21151,568
21163,568
21174,568
21185,568
21196,569
21209,569
21220,569
21231,570
21242,570
21254,570
21265,572
21277,570
21288,571
21300,571
21311,571
21322,571
21334,571
21346,571
21357,571
21368,572
21380,572
21391,571
21402,570
21414,570
21426,571
21437,571
21448,571
21459,571
21471,571
21483,571
21494,571
21506,572
21517,573
21528,571
21540,571
21552,571
21563,571
21574,571
21585,571
21597,571
21609,571
21620,570
21632,572
21643,570
21654,570
21665,570
21678,571
21689,570
21700,569
21711,569
21723,569
21734,570
21746,570
21757,569
21769,569
21780,569
21791,569
21803,569
21815,569
21826,568
21837,569
21849,569
21860,569
21871,569
21883,569
21895,568
21906,568
21917,570
21928,569
21941,570
21952,569
21963,570
21975,570
21986,570
21997,571
22009,571
22021,570
22032,570
22043,571
22054,571
22066,570
22078,570
22089,571
22100,572
22112,571
22123,571
22134,571
22147,571
22158,571
22169,571
22180,570
22192,570
22203,571
22215,571
22226,571
22238,572
22249,571
22260,571
22273,571
22284,570
22295,570
22306,571
22318,571
22329,571
22341,570
22352,571
22364,572
22375,570
22386,570
22397,570
22410,570
22421,570
22432,569
22444,570
22455,569
22466,569
22478,570
22490,569
22501,570
22512,569
22523,569
22535,569
22547,569
22558,569
22569,569
22581,568
22592,568
22603,570
22616,568
22627,569
22638,569
22649,568
22661,570
22673,570
22684,570
22695,571
22707,571
22718,571
22729,571
22742,571
22753,571
22764,571
22775,572
22787,572
22798,570
22810,571
22821,571
22833,570
22844,571
22855,570
22866,571
22879,571
22890,571
22901,571
22913,571
22924,571
22935,570
22947,571
22959,572
22970,570
22981,571
22992,571
23005,571
23016,571
23027,571
23038,571
23050,570
23061,571
23073,570
23085,570
23096,571
23107,570
23118,570
23130,570
23142,570
23153,569
23164,570
23176,569
23187,570
23198,569
23211,569
23222,569
23233,569
23244,568
23256,569
23267,568
23279,569
23290,568
23302,569
23313,569
23324,570
23335,571
23348,570
23359,570
23370,570
23382,571
23393,571
23405,571
23416,571
23428,571
23439,572
23450,571
23461,571
23474,571
23485,571
23496,571
23507,570
23519,571
23530,570
23542,570
23554,570
23565,571
23576,571
23587,571
23599,572
23611,571
23622,571
23633,571
23645,571
23656,571
23667,571
23680,572
23691,571
23702,571
23713,571
23725,570
23737,570
23748,570
23759,570
23771,571
23782,570
23793,570
23805,570
23817,570
23828,570
23839,570
23851,570
23862,570
23874,569
23885,569
23897,569
23908,569
23919,569
23930,568
23943,569
23954,569
23965,568
23976,569
23988,569
23999,571
24011,570
24023,570
24034,570
24045,571
24056,571
24068,572
24080,571
24091,572
24102,571
24114,571
24125,570
24137,572
24148,571
24160,571
24171,571
24182,571
24194,573
24206,571
24217,573
24228,571
24240,571
24251,571
24262,571
24274,571
24286,572
24297,572
24308,572
24320,573
24331,572
24343,571
24354,571
24366,571
24377,572
24388,571
24399,571
24412,571
24423,570
24434,570
24445,570
24457,570
24469,571
24480,571
24492,570
24503,570
24514,569
24525,570
24538,570
24549,569
24560,570
24571,569
24583,569
24594,569
24606,569
24617,569
24629,569
24640,568
24651,569
24663,568
24675,569
24686,569
24697,569
24709,569
24720,570
24731,570
24743,571
24755,571
24766,572
24777,572
24788,571
24800,572
24812,572
24823,572
24835,571
24846,572
24857,573
24869,572
24881,572
24892,571
24903,570
24914,571
24926,573
24938,571
24949,572
24961,572
24972,572
24983,572
24994,572
25007,572
25018,572
25029,571
25040,572
25052,572
25063,571
25075,571
25086,571
25098,571
25109,572
25120,571
25132,571
25144,571
25155,571
25166,571
25178,570
25189,570
25201,570
25212,570
25224,570
25235,570
25246,570
25257,570
25270,569
25281,569
25292,569
25304,569
25315,570
25326,569
25338,569
25350,569
25361,569
25372,569
25383,569
25395,569
25407,570
25418,570
25430,570
25441,570
25452,571
25463,571
25476,571
25487,571
25498,572
25509,571
25521,571
25532,572
25544,571
25555,572
25567,573
25578,572
25589,571
25602,571
25613,571
25624,571
25635,570
25647,571
25658,573
25670,572
25681,571
25693,571
25704,571
25715,572
25726,571
25739,572
25750,572
25761,572
25773,571
25784,571
25795,571
25807,571
25819,571
25830,571
25841,570
25852,571
25864,570
25876,570
25887,570
25899,570
25910,570
25921,570
25933,570
25945,570
25956,570
25967,569
25978,569
25990,570
26002,569
26013,569
26024,570
26036,570
26047,569
26058,568
26071,569
26082,569
26093,569
26104,569
26116,569
26127,570
26139,570
26150,572
26162,571
26173,571
26184,571
26195,571
26208,571
26219,571
26230,572
26242,571
26253,572
26264,572
26276,572
26288,571
26299,571
26310,571
26321,572
26334,572
26345,571
26356,571
26368,571
26379,572
26390,573
26402,572
26414,571
26425,571
26436,572
26447,572
26459,571
26471,572
26482,572
26493,572
26505,572
26516,572
26527,571
26540,571
26551,571
26562,571
26573,570
26585,571
26596,571
26608,570
26619,570
26631,570
26642,571
26653,570
26665,570
26677,570
26688,569
26699,569
26711,569
26722,569
26734,568
26745,569
26757,570
26768,569
26779,569
26790,569
26803,569
26814,570
26825,570
26836,570
26848,571
26859,571
26871,571
26883,573
26894,571
26905,572
26916,572
26928,572
26940,572
26951,572
26962,572
26974,572
26985,572
26996,571
27009,573
27020,572
27031,572
27042,571
27054,571
27066,571
27077,573
27088,571
27100,573
27111,572
27122,572
27134,571
27146,572
27157,571
27168,572
27180,572
27191,571
27203,572
27214,572
27226,571
27237,571
27248,572
27259,571
27272,571
27283,570
27294,570
27305,571
27317,570
27328,570
27340,570
27352,570
27363,570
27374,569
27385,569
27398,570
27409,569
27420,569
27431,570
27443,569
27454,569
27466,569
27478,569
27489,570
27500,569
27511,570
27523,570
27535,570
27546,571
27557,571
27569,571
27580,573
27591,573
27603,571
27615,571
27626,571
27637,572
27649,572
27660,571
27672,572
27683,571
27695,571
27706,571
27717,571
27728,572
27741,572
27752,572
27763,572
27774,572
27786,572
27798,571
27809,572
27821,571
27832,572
27843,572
27854,572
27867,572
27878,572
27889,572
27900,572
27912,572
27923,571
27935,572
27947,571
27958,571
27969,570
27980,571
27992,570
28004,570
28015,571
28026,570
28038,570
28049,570
28060,570
28072,569
28084,569
28095,569
28106,569
28118,571
28130,569
28141,569
28152,569
28164,570
28175,568
28186,568
28198,569
28210,569
28221,570
28232,569
28243,570
28255,570
28267,571
28278,570
28290,571
28301,571
28312,570
28323,572
28336,571
28347,571
28358,571
28369,571
28381,572
28392,571
28404,571
28416,571
28427,571
28438,571
28449,571
28461,571
28473,571
28484,571
28495,571
28507,571
28518,571
28530,571
28541,571
28553,571
28564,571
28575,571
28587,572
28599,571
28610,571
28621,570
28633,569
28644,570
28655,570
28667,570
28679,570
28690,569
28701,569
28712,569
28724,569
28736,569
28747,569
28759,569
28770,568
28781,568
28792,568
28805,568
28816,568
28827,568
28838,568
28850,567
28862,567
28873,567
28884,567
28896,566
28907,566
28918,567
28931,567
28942,567
28953,568
28964,568
28976,568
28987,568
28999,569
29010,569
29022,568
29033,569
29044,569
29056,568
29068,569
29079,568
29090,569
29102,568
29113,569
29124,568
29136,569
29148,568
29159,567
29170,568
29181,568
29193,568
29205,568
29216,568
29228,568
29239,568
29250,568
29262,568
29274,568
29285,567
29296,568
29307,568
29319,569
29331,568
29342,568
29353,568
29365,568
29376,568
29387,569
29400,568
29411,569
29422,569
29433,570
29445,569
29456,571
29468,570
29479,571
29491,571
29502,572
29513,571
29524,572
29537,572
29548,572
29559,573
29571,573
29582,572
29594,573
29605,572
29617,573
29628,573
29639,573
29650,572
29663,573
29674,572
29685,572
29697,571
29708,571
29719,568
29731,564
29743,563
29754,561
29765,559
29776,556
29788,552
29800,552
29811,548
29822,547
29834,566
29845,580
29856,592
29869,588
29880,581
29891,595
29902,574
29914,534
29925,533
29937,532
29948,531
29960,530
29971,528
29982,528
29995,528
30006,527
30017,527
30028,528
30040,527
30051,528
30063,528
30074,528
30086,528
30097,528
30108,530
30119,529
30132,529
30143,530
30154,530
30166,531
30177,532
30188,534
30200,537
30212,538
30223,539
30234,540
30245,540
30257,541
30269,542
30280,543
30291,546
30303,546
30314,547
30326,550
30338,551
30349,553
30360,557
30371,563
30383,568
30395,574
30406,579
30417,590
30429,603
30440,634
30451,656
30464,654
30475,650
30486,642
30497,633
30509,628
30520,623
30532,617
30543,612
30555,605
30566,598
30577,587
30588,574
30601,559
30612,543
30623,528
30635,519
30646,506
30657,497
30669,491
30681,493
30692,497
30703,501
30714,503
30727,504
30738,507
30749,504
30760,502
30772,505
30783,509
30795,508
30807,509
30818,510
30829,509
30840,506
30852,503
30864,498
30875,498
30886,509
30898,526
30909,548
30920,567
30932,582
30944,592
30955,600
30966,606
30978,611
30989,615
31001,616
31012,619
31024,619
31035,620
31046,621
31058,622
31070,623
31081,623
31092,625
31104,624
31115,625
31127,624
31138,626
31150,626
31161,624
31172,624
31183,623
31196,624
31207,624
31218,623
31229,623
31241,624
31252,623
31264,623
31276,623
31287,623
31298,622
31309,622
31321,620
31333,621
31344,621
31355,620
31367,620
31378,620
31389,619
31401,620
31413,620
31424,618
31435,618
31447,618
31459,618
31470,619
31481,618
31493,618
31504,618
31515,618
31527,617
31539,617
31550,617
31561,617
31572,617
31584,616
31596,616
31607,616
31619,616
31630,616
31641,615
31652,615
31665,615
31676,615
31687,614
31698,614
31710,614
31721,614
31733,614
31745,613
31756,613
31767,613
31778,613
31791,613
31802,612
31813,612
31824,613
31836,611
31847,612
31859,612
31870,611
31882,612
31893,611
31904,611
31916,611
31928,611
31939,611
31950,610
31962,610
31973,610
31984,610
31996,610
32008,609
32019,609
32030,609
32041,609
32053,609
32065,608
32076,608
32088,609
32099,609
32110,608
32121,608
32134,609
32145,607
32156,608
32167,608
32179,608
32191,609
32202,608
32214,609
32225,608
32236,608
32247,610
32260,608
32271,607
32282,609
32293,608
32305,609
32316,608
32328,608
32339,609
32351,608
32362,607
32373,608
32385,607
32397,608
32408,607
32419,607
32431,607
32442,608
32453,608
32465,606
32477,607
32488,608
32499,607
32510,607
32523,607
32534,607
32545,607
32557,607
32568,607
32579,607
32591,607
32603,607
32614,607
32625,608
32636,606
32648,607
32660,607
32671,606
32683,607
32694,606
32705,607
32716,607
32729,606
32740,607
32751,607
32762,606
32774,606
32785,606
32797,605
32808,607
32820,606
32831,606
32842,606
32854,606
32866,607
32877,606
32888,606
32900,606
32911,607
32923,607
32934,606
32946,606
32957,608
32968,607
32979,608
32992,606
33003,607
33014,607
33026,607
33037,605
33048,606
33060,605
33072,606
33083,606
33094,606
33105,606
33117,606
33129,606
33140,606
33152,606
33163,606
33174,606
33185,606
33198,605
33209,606
33220,606
33231,606
33243,606
33255,605
33266,606
33277,606
33289,605
33300,605
33311,606
33324,605
33335,604
33346,606
33357,605
33369,606
33380,605
33392,605
33403,605
33415,604
33426,604
33437,605
33448,605
33461,605
33472,604
33483,604
33495,605
33506,605
33517,605
33529,605
33541,605
33552,605
33563,606
33574,605
33586,604
33598,606
33609,605
33620,605
33632,605
33643,606
33655,605
33667,605
33678,605
33689,606
33700,605
33712,607
33724,605
33735,605
33746,606
33758,606
33769,605
33780,604
33793,604
33804,605
33815,605
33826,604
33838,604
33849,604
33861,604
33872,604
33884,604
33895,604
33906,605
33917,604
33930,604
33941,604
33952,604
33964,604
33975,604
33987,604
33998,604
34010,605
34021,604
34032,604
34043,605
34056,603
34067,604
34078,604
34089,605
34101,604
34112,603
34124,603
34136,604
34147,603
34158,603
34169,604
34181,604
34193,602
34204,603
34215,604
34227,604
34238,604
34249,604
34262,605
34273,605
34284,604
34295,605
34307,605
34318,604
34330,604
34341,604
34353,603
34364,604
34375,603
34387,603
34399,603
34410,604
34421,604
34433,603
34444,605
34456,603
34467,603
34479,603
34490,604
34501,603
34512,603
34525,603
34536,603
34547,603
34558,604
34570,603
34581,603
34593,602
34605,603
34616,603
34627,603
34638,603
34650,603
34662,603
34673,603
34684,603
34696,603
34707,602
34719,603
34731,603
34742,602
34753,602
34764,602
34776,602
34788,603
34799,602
34810,604
34822,603
34833,602
34844,602
34856,602
34868,602
34879,602
34890,602
34902,603
34913,603
34925,603
34936,603
34948,603
34959,603
34970,603
34981,603
34994,604
35005,603
35016,603
35027,603
35039,603
35050,602
35062,603
35074,603
35085,603
35096,604
35107,602
35120,603
35131,602
35142,602
35153,603
35165,602
35176,604
35188,603
35200,602
35211,602
35222,602
35233,602
35245,602
35257,603
35268,603
35279,602
35291,602
35302,602
35313,602
35325,602
35337,602
35348,602
35359,602
35371,602
35382,603
35394,602
35405,601
35417,601
35428,601
35439,601
35451,602
35463,602
35474,602
35485,601
35496,602
35508,602
35520,602
35531,602
35543,603
35554,602
35565,602
35576,601
35589,602
35600,601
35611,601
35622,601
35634,601
35645,603
35657,602
35668,602
35680,602
35691,600
35702,603
35714,602
35726,603
35737,603
35748,602
35760,602
35771,602
35782,602
35794,601
35806,603
35817,603
35828,601
35840,601
35852,601
35863,603
35874,601
35886,602
35897,602
35908,602
35920,602
35932,601
35943,601
35954,602
35965,601
35977,600
35989,603
36000,601
36012,601
36023,601
36034,601
36045,601
36058,601
36069,601
36080,602
36091,601
36103,601
36114,601
36126,602
36137,601
36149,601
36160,601
36171,601
36184,601
36195,602
36206,602
36217,601
36229,601
36240,602
36252,602
36263,602
36275,603
36286,602
36297,602
36308,602
36321,603
36332,603
36343,603
36355,603
36366,603
36377,603
36389,604
36401,603
36412,605
36423,603
36434,604
36446,604
36458,604
36469,604
36481,603
36492,604
36503,604
36514,604
36527,605
36538,605
36549,604
36560,604
36572,604
36584,605
36595,605
36606,605
36618,605
36629,606
36640,607
36653,605
36664,606
36675,605
36686,606
36698,606
36709,606
36721,607
36732,606
36744,606
36755,606
36766,607
36777,606
36790,607
36801,608
36812,607
36824,606
36835,607
36846,606
36858,608
36870,607
36881,607
36892,607
36903,608
36916,607
36927,607
36938,607
36950,607
36961,608
36972,608
36984,608
36996,608
37007,609
37018,608
37029,608
37041,608
37053,608
37064,609
37075,609
37087,608
37098,608
37109,609
37122,608
37133,609
37144,608
37155,609
37167,609
37178,609
37190,609
37201,609
37213,609
37224,608
37235,608
37246,608
37259,609
37270,608
37281,608
37293,608
37304,608
37316,607
37327,608
37339,607
37350,608
37361,608
37372,608
37385,607
37396,607
37407,607
37419,607
37430,607
37441,608
37453,607
37465,607
37476,606
37487,607
37498,605
37510,606
37522,606
37533,606
37544,606
37556,606
37567,606
37578,605
37591,605
37602,606
37613,605
37624,606
37636,606
37648,605
37659,605
37670,605
37682,606
37693,606
37704,606
37716,606
37728,607
37739,607
37750,606
37762,606
37773,606
37785,606
37796,606
37808,606
37819,605
37830,606
37841,605
37854,606
37865,604
37876,606
37888,605
37899,605
37910,605
37922,606
37934,604
37945,604
37956,604
37967,604
37979,605
37991,605
38002,604
38013,605
38025,604
38036,604
38048,604
38060,603
38071,603
38082,604
38093,603
38105,604
38117,603
38128,603
38139,602
38151,603
38162,603
38173,602
38185,603
38197,602
38208,603
38219,603
38231,602
38242,603
38254,603
38265,603
38277,602
38288,602
38299,602
38310,602
38323,602
38334,603
38345,603
38356,603
38368,604
38380,603
38391,604
38403,604
38414,603
38425,603
38436,603
38449,603
38460,604
38471,604
38482,603
38494,603
38505,602
38517,603
38529,603
38540,602
38551,602
38562,603
38574,603
38586,602
38597,602
38608,603
38620,602
38631,602
38642,602
38654,602
38666,601
38677,603
38688,602
38700,602
38711,602
38723,602
38734,602
38746,602
38757,602
38768,601
38780,601
38792,602
38803,601
38814,601
38825,601
38837,602
38849,601
38860,601
38872,601
38883,601
38894,601
38905,600
38918,601
38929,601
38940,600
38951,600
38963,601
38974,602
38986,602
38998,602
39009,602
39020,602
39031,602
39043,602
39055,601
39066,602
39077,602
39089,602
39100,602
39112,601
39123,602
39135,602
39146,601
39157,602
39169,602
39181,601
39192,601
39203,603
39215,601
39226,600
39237,601
39249,602
39261,600
39272,601
39283,601
39294,601
39306,601
39318,601
39329,601
39341,601
39352,601
39363,600
39374,600
39387,601
39398,600
39409,600
39420,600
39432,601
39443,600
39455,600
39467,600
39478,600
39489,600
39500,600
39513,600
39524,599
39535,600
39546,599
39558,600
39569,600
39581,599
39592,600
39604,599
39615,600
39626,600
39638,600
39650,601
39661,601
39672,601
39684,601
39695,601
39706,601
39718,601
39730,600
39741,600
39752,600
39763,600
39775,600
39787,601
39798,600
39810,600
39821,600
39832,600
39844,600
39856,600
39867,599
39878,601
39889,599
39901,601
39913,599
39924,600
39936,599
39947,600
39958,599
39969,600
39982,600
39993,599
40004,600
40015,598
40027,600
40038,599
40050,599
40061,599
40073,599
40084,599
40095,599
40107,598
40119,599
40130,599
40141,599
40153,599
40164,599
40175,599
40187,598
40199,598
40210,598
40221,598
40232,599
40245,599
40256,599
40267,599
40279,600
40290,600
40301,602
40313,601
40325,600
40336,599
40347,599
40358,600
40370,599
40382,600
40393,600
40404,600
40416,600
40427,600
40438,599
40451,600
40462,600
40473,599
40484,599
40496,599
40507,599
40519,599
40530,599
40542,599
40553,599
40564,599
40577,599
40588,599
40599,599
40610,600
40622,599
40633,599
40645,598
40656,598
40668,599
40679,599
40690,599
40701,598
40714,598
40725,598
40736,598
40748,598
40759,598
40770,598
40782,599
40794,598
40805,598
40816,598
40827,598
40839,598
40851,598
40862,598
40873,598
40885,597
40896,598
40907,598
40920,598
40931,598
40942,599
40953,599
40965,600
40977,599
40988,600
40999,600
41011,600
41022,600
41033,601
41046,599
41057,600
41068,599
41079,600
41091,600
41102,599
41114,599
41125,600
41137,600
41148,600
41159,600
41170,600
41183,600
41194,599
41205,600
41217,600
41228,599
41239,601
41251,599
41263,600
41274,601
41285,601
41296,600
41309,600
41320,600
41331,600
41342,600
41354,600
41365,600
41377,600
41389,599
41400,600
41411,599
41422,600
41434,599
41446,599
41457,600
41468,599
41480,599
41491,600
41502,598
41515,599
41526,600
41537,600
41548,600
41560,599
41571,599
41583,599
41594,599
41606,599
41617,599
41628,599
41639,599
41652,599
41663,600
41674,600
41686,600
41697,600
41709,600
41720,601
41732,600
41743,599
41754,600
41765,603
41778,600
41789,600
41800,600
41811,600
41823,600
41834,599
41846,600
41858,600
41869,600
41880,600
41891,600
41903,600
41915,600
41926,599
41937,600
41949,601
41960,600
41971,600
41984,600
41995,600
42006,600
42017,600
42029,600
42041,600
42052,601
42063,600
42075,600
42086,600
42097,599
42109,599
42121,600
42132,602
42143,600
42155,600
42166,599
42178,600
42189,599
42201,599
42212,600
42223,599
42234,599
42247,599
42258,599
42269,598
42280,599
42292,599
42303,599
42315,599
42327,599
42338,599
42349,598
42360,598
42372,600
42384,598
42395,599
42406,599
42418,599
42429,598
42441,600
42452,600
42464,600
42475,600
42486,601
42498,602
42510,602
42521,602
42532,601
42544,602
42555,602
42566,603
42578,603
42590,604
42601,604
42612,605
42624,605
42635,606
42647,606
42658,606
42670,606
42681,607
42692,608
42703,607
42716,607
42727,608
42738,608
42749,608
42761,608
42773,609
42784,609
42796,609
42807,609
42818,609
42829,609
42842,610
42853,609
42864,610
42875,609
42887,609
42898,609
42910,609
42921,609
42933,609
42944,610
42955,609
42967,609
42979,609
42990,609
43001,609
43013,611
43024,610
43035,609
43047,610
43059,608
43070,609
43081,609
43092,609
43104,609
43116,608
43127,609
43139,609
43150,609
43161,609
43173,610
43185,610
43196,609
43207,609
43218,609
43230,611
43242,610
43253,610
43265,610
43276,610
43287,611
43298,611
43311,611
43322,611
43333,611
43344,611
43356,611
43367,611
43379,611
43390,611
43402,611
43413,613
43424,610
43436,611
43448,611
43459,611
43470,610
43482,611
43493,611
43505,611
43516,610
43528,612
43539,611
43550,610
43561,610
43574,611
43585,611
43596,611
43608,611
43619,610
43630,611
43642,610
43654,611
43665,610
43676,611
43687,610
43699,610
43711,610
43722,611
43734,610
43745,610
43756,611
43767,611
43780,608
43791,610
43802,609
43813,610
43825,610
43836,609
43848,610
43859,610
43871,610
43882,610
43893,609
43906,609
43917,609
43928,609
43939,610
43951,610
43962,611
43974,610
43985,610
43997,610
44008,610
44019,611
44030,611
44043,611
44054,611
44065,611
44077,611
44088,611
44099,611
44111,610
44123,611
44134,611
44145,611
44156,610
44168,611
44180,611
44191,611
44203,610
44214,611
44225,610
44237,611
44249,610
44260,611
44271,610
44282,611
44294,611
44306,611
44317,611
44328,612
44340,610
44351,611
44362,611
44375,610
44386,611
44397,610
44408,610
44420,610
44431,610
44443,610
44454,610
44466,610
44477,610
44488,610
44499,610
44512,610
44523,610
44534,610
44546,611
44557,610
44568,610
44580,610
44592,610
44603,610
44614,609
44625,610
44638,610
44649,610
44660,610
44672,610
44683,609
44694,610
44706,610
44718,610
44729,610
44740,610
44751,611
44763,611
44775,611
44786,611
44797,611
44809,611
44820,611
44831,611
44844,611
44855,611
44866,611
44877,611
44889,611
44900,610
44912,611
44923,611
44935,610
44946,612
44957,611
44969,611
44981,610
44992,610
45003,610
45015,611
45026,611
45038,611
45049,611
45061,612
45072,611
45083,611
45094,611
45107,610
45118,611
45129,610
45140,610
45152,610
45163,610
45175,610
45187,610
45198,610
45209,610
45220,610
45232,610
45244,610
45255,610
45266,610
45278,610
45289,610
45300,610
45313,610
45324,610
45335,610
45346,610
45358,609
45370,609
45381,611
45392,609
45404,610
45415,609
45426,610
45438,612
45450,609
45461,609
45472,610
45484,610
45495,610
45507,611
45518,611
45530,611
45541,611
45552,610
45563,611
45576,611
45587,611
45598,611
45609,610
45621,610
45632,611
45644,610
45656,611
45667,611
45678,611
45689,610
45702,610
45713,611
45724,610
45735,610
45747,611
45758,611
45770,610
45782,610
45793,611
45804,610
45815,610
45827,611
45839,610
45850,611
45861,610
45873,610
45884,610
45895,610
45907,610
45919,609
45930,610
45941,610
45953,610
45964,610
45976,610
45987,610
45999,610
46010,609
46021,609
46032,610
46045,610
46056,610
46067,610
46078,609
46090,610
46102,609
46113,609
46125,609
46136,609
46147,609
46158,610
46171,610
46182,610
46193,611
46204,611
46216,611
46227,610
46239,610
46251,611
46262,612
46273,611
46284,611
46296,611
46308,610
46319,611
46330,610
46342,610
46353,610
46364,611
46376,610
46388,611
46399,610
46410,609
46422,610
46434,610
46445,609
46456,610
46468,610
46479,611
46490,610
46502,611
46514,610
46525,612
46536,610
46547,610
46559,610
46571,611
46582,609
46594,609
46605,610
46616,610
46627,609
46640,610
46651,610
46662,610
46673,609
46685,610
46696,610
46708,608
46720,610
46731,610
46742,609
46753,610
46765,609
46777,610
46788,609
46799,609
46811,609
46822,609
46834,610
46845,611
46857,609
46868,611
46879,610
46891,611
46903,611
46914,611
46925,612
46937,611
46948,611
46959,611
46971,610
46983,610
46994,610
47005,610
47016,610
47028,611
47040,610
47051,610
47063,610
47074,611
47085,610
47096,610
47109,610
47120,610
47131,610
47142,610
47154,610
47166,610
47177,610
47188,610
47200,610
47211,610
47222,610
47235,610
47246,610
47257,611
47268,610
47280,610
47291,611
47303,611
47314,609
47326,610
47337,609
47348,609
47360,611
47372,609
47383,610
47394,610
47406,609
47417,609
47428,609
47440,609
47452,609
47463,609
47474,609
47485,609
47497,610
47509,610
47520,610
47532,611
47543,611
47554,611
47566,611
47578,612
47589,611
47600,611
47611,611
47623,611
47635,611
47646,610
47657,610
47669,611
47680,610
47691,610
47704,610
47715,610
47726,610
47737,611
47749,610
47760,611
47772,611
47783,610
47795,610
47806,610
47817,610
47828,611
47841,610
47852,611
47863,610
47875,610
47886,610
47898,610
47909,610
47921,610
47932,609
47943,610
47954,609
47967,609
47978,609
47989,610
48001,609
48012,610
48023,610
48035,610
48047,609
48058,609
48069,610
48080,609
48092,609
48104,609
48115,609
48126,610
48138,609
48149,609
48160,610
48173,609
48184,610
48195,610
48206,611
48218,613
48229,611
48241,611
48252,610
48264,611
48275,610
48286,611
48299,611
48310,610
48321,611
48332,609
48344,610
48355,612
48367,610
48378,612
48390,610
48401,610
48412,610
48423,610
48436,610
48447,610
48458,610
48470,611
48481,610
48492,610
48504,610
48516,610
48527,611
48538,610
48549,610
48561,610
48573,610
48584,610
48595,610
48607,609
48618,609
48630,609
48642,609
48653,610
48664,609
48675,610
48687,610
48699,609
48710,609
48721,610
48733,609
48744,610
48755,609
48768,610
48779,609
48790,609
48801,609
48813,609
48824,609
48836,609
48847,610
48859,610
48870,610
48881,610
48892,610
48905,610
48916,611
48927,611
48939,610
48950,611
48961,610
48973,610
48985,610
48996,611
49007,610
49018,610
49031,611
49042,610
49053,610
49064,610
49076,610
49087,612
49099,610
49111,610
49122,610
49133,610
49144,610
49156,610
49168,610
49179,610
49190,610
49202,610
49213,609
49224,610
49236,610
49248,610
49259,610
49270,609
49282,610
49293,609
49305,610
49316,610
49328,608
49339,609
49350,609
49362,609
49374,610
49385,609
49396,609
49408,609
49419,609
49431,609
49442,609
49454,609
49465,609
49476,609
49487,608
49500,609
49511,609
49522,608
49533,609
49545,609
49556,610
49568,610
49580,610
49591,610
49602,611
49613,610
49625,611
49637,610
49648,610
49659,610
49671,610
49682,610
49693,610
49705,610
49717,610
49728,609
49739,610
49751,610
49763,610
49774,610
49785,610
49797,610
49808,609
49819,611
49831,611
49843,610
49854,609
49865,610
49876,610
49888,609
49900,610
49911,610
49923,610
49934,610
49945,610
49956,609
49969,609
49980,608
49991,609
50002,610
50014,609
50025,609
50037,608
50049,609
50060,609
50071,609
50082,610
50095,609
50106,610
50117,609
50128,609
50140,609
50151,609
50163,609
50174,609
50186,610
50197,608
50208,610
50220,608
50232,608
50243,609
50254,609
50266,610
50277,611
50288,610
50300,610
50312,610
50323,610
50334,611
50345,610
50357,610
50369,610
50380,610
50392,610
50403,611
50414,610
50425,610
50438,609
50449,611
50460,610
50471,610
50483,609
50495,610
50506,610
50518,610
50529,609
50540,610
50551,611
50564,610
50575,609
50586,609
50597,610
50609,610
50620,609
50632,610
50643,609
50655,609
50666,609
50677,609
50689,609
50701,609
50712,610
50723,609
50735,609
50746,609
50757,609
50769,609
50781,609
50792,609
50803,609
50814,609
50827,609
50838,609
50849,609
50861,609
50872,609
50883,608
50895,608
50907,609
50918,610
50929,608
50940,609
50952,609
50964,608
50975,609
50987,609
50998,610
51009,610
51020,610
51033,610
51044,609
51055,611
51066,609
51078,610
51089,610
51101,611
51112,610
51124,610
51135,609
51146,609
51158,609
51170,611
51181,610
51192,610
51204,609
51215,609
51227,610
51238,609
51250,610
51261,610
51272,610
51283,611
51296,610
51307,610
51318,609
51330,610
51341,610
51352,610
51364,609
51376,610
51387,609
51398,609
51409,610
51421,609
51433,609
51444,610
51456,609
51467,609
51478,610
51489,608
51502,609
51513,607
51524,609
51535,609
51547,609
51559,609
51570,608
51581,608
51593,608
51604,608
51615,608
51628,608
51639,608
51650,611
51661,608
51673,608
51684,608
51696,608
51707,609
51719,609
51730,610
51741,610
51752,609
51765,611
51776,610
51787,610
51799,610
51810,610
51821,609
51833,609
51845,610
51856,610
51867,609
51878,609
51890,609
51902,610
51913,609
51924,609
51936,609
51947,609
51959,609
51971,608
51982,609
51993,609
52004,609
52016,610
52028,609
52039,609
52050,609
52062,609
52073,608
52084,609
52097,609
52108,609
52119,608
52130,608
52142,608
52153,608
52165,609
52176,609
52188,608
52199,608
52210,609
52221,609
52234,608
52245,608
52256,608
52268,608
52279,608
52291,608
52302,608
52314,608
52325,606
52336,607
52347,607
52360,608
52371,607
52382,608
52393,608
52405,608
52416,608
52428,608
52440,608
52451,608
52462,609
52473,608
52485,609
52497,610
52508,609
52519,610
52531,609
52542,610
52553,610
52566,610
52577,610
52588,610
52599,610
52611,610
52622,611
52634,610
52645,610
52657,611
52668,611
52679,612
52691,611
52703,613
52714,613
52725,613
52737,613
52748,615
52760,614
52771,613
52783,613
52794,613
52805,614
52816,614
52829,614
52840,615
52851,614
52862,615
52874,614
52885,615
52897,614
52909,607
52920,581
52931,548
52942,528
52954,514
52966,502
52977,495
52988,492
53000,492
53011,499
53023,506
53035,512
53046,516
53057,519
53068,522
53080,525
53092,526
53103,528
53114,530
53126,531
53137,532
53148,532
53160,534
53172,535
53183,535
53194,537
53206,538
53217,541
53229,543
53240,545
53252,547
53263,550
53274,550
53285,551
53298,552
53309,552
53320,552
53331,553
53343,553
53354,551
53366,547
53378,540
53389,532
53400,525
53411,519
53424,515
53435,513
53446,512
53457,511
53469,510
53480,510
53492,511
53504,510
53515,510
53526,511
53537,512
53549,512
53561,513
53572,513
53583,512
53595,513
53606,512
53617,514
53629,515
53641,513
53652,512
53663,512
53675,513
53686,513
53698,514
53709,515
53721,516
53732,517
53743,517
53755,518
53767,520
53778,520
53789,521
53800,522
53812,523
53824,524
53835,527
53847,528
53858,529
53869,530
53880,532
53893,533
53904,533
53915,533
53926,532
53938,532
53949,531
53961,531
53972,531
53984,531
53995,530
54006,530
54018,530
54030,531
54041,531
54052,530
54064,530
54075,530
54086,530
54098,529
54110,528
54121,528
54132,528
54144,526
54156,526
54167,525
54178,524
54190,524
54201,523
54212,522
54224,521
54236,521
54247,520
54258,520
54269,519
54281,519
54293,519
54304,518
54316,519
54327,518
54338,518
54349,518
54362,518
54373,518
54384,518
54395,517
54407,517
54418,518
54430,518
54441,518
54453,518
54464,520
54475,520
54488,521
54499,521
54510,522
54521,523
54533,523
54544,524
54556,523
54567,524
54579,525
54590,524
54601,524
54612,524
54625,524
54636,524
54647,524
54659,525
54670,525
54681,525
54693,525
54705,526
54716,526
54727,527
54738,526
54750,527
54762,525
54773,527
54785,527
54796,527
54807,527
54818,527
54831,527
54842,527
54853,527
54864,528
54876,527
54888,527
54899,528
54910,527
54922,527
54933,527
54944,528
54957,527
54968,527
54979,527
54990,527
55002,527
55013,526
55025,526
55036,526
55048,527
55059,526
55070,527
55081,527
55094,528
55105,528
55116,529
55128,529
55139,530
55150,531
55162,532
55174,532
55185,532
55196,533
55207,533
55220,533
55231,533
55242,533
55254,534
55265,533
55276,534
55288,533
55300,534
55311,536
55322,534
55333,535
55345,534
55357,535
55368,535
55379,534
55391,535
55402,535
55413,534
55426,537
55437,535
55448,536
55459,536
55471,535
55482,536
55494,535
55505,537
55517,536
55528,536
55539,535
55550,536
55563,535
55574,536
55585,535
55597,536
55608,536
55620,535
55631,535
55643,535
55654,535
55665,536
55676,537
55689,535
55700,537
55711,535
55723,536
55734,536
55745,537
55757,538
55769,539
55780,540
55791,540
55802,541
55814,541
55826,541
55837,541
55848,541
55860,542
55871,543
55882,543
55895,542
55906,542
55917,542
55928,542
55940,543
55952,542
55963,543
55974,543
55986,544
55997,543
56008,544
56020,545
56032,544
56043,545
56054,545
56066,546
56077,544
56089,545
56100,545
56112,544
56123,545
56134,545
56145,545
56158,545
56169,545
56180,545
56192,545
56203,545
56214,545
56226,545
56238,545
56249,544
56260,544
56271,545
56283,544
56295,545
56306,545
56317,544
56329,545
56340,545
56352,546
56364,548
56375,547
56386,548
56397,548
56409,551
56421,551
56432,551
56443,552
56455,552
56466,551
56477,551
56489,552
56501,552
56512,553
56523,552
56535,552
56546,552
56558,552
56569,552
56581,553
56592,553
56603,553
56614,553
56627,553
56638,553
56649,554
56660,554
56672,554
56684,555
56695,555
56707,555
56718,553
56729,554
56740,554
56753,554
56764,554
56775,555
56786,554
56798,554
56809,554
56821,554
56833,553
56844,553
56855,555
56866,554
56878,554
56890,553
56901,554
56912,553
56924,553
56935,553
56946,553
56958,554
56970,554
56981,554
56992,555
57004,555
57015,557
57027,558
57038,558
57050,559
57061,560
57072,560
57084,560
57096,560
57107,560
57118,559
57129,560
57141,562
57153,560
57164,561
57176,560
57187,560
57198,560
57209,560
57222,560
57233,561
57244,562
57255,560
57267,561
57278,561
57290,561
57302,561
57313,562
57324,562
57335,562
57347,562
57359,562
57370,562
57381,562
57393,562
57404,561
57416,562
57427,561
57439,561
57450,561
57461,561
57473,562
57485,561
57496,560
57507,561
57519,560
57530,561
57541,560
57553,560
57565,561
57576,560
57587,560
57598,561
57610,561
57622,562
57633,563
57645,563
57656,564
57667,565
57678,565
57691,566
57702,566
57713,567
57724,567
57736,567
57747,567
57759,567
57771,567
57782,567
57793,567
57804,567
57817,567
57828,567
57839,566
57850,566
57862,567
57873,568
57885,567
57896,567
57908,567
57919,567
57930,567
57942,567
57954,567
57965,568
57976,568
57988,568
57999,568
58010,567
58022,567
58034,567
58045,568
58056,567
58067,567
58079,567
58091,567
58102,567
58114,566
58125,566
58136,567
58148,566
58160,566
58171,566
58182,566
58193,565
58205,566
58217,566
58228,566
58240,567
58251,566
58262,567
58273,567
58286,568
58297,568
58308,569
58319,571
58331,570
58342,571
58354,572
58365,572
58377,572
58388,572
58399,572
58411,572
58423,573
58434,571
58445,572
58457,572
58468,572
58479,572
58491,572
58503,572
58514,572
58525,572
58536,572
58549,572
58560,572
58571,572
58583,572
58594,573
58605,573
58617,573
58629,573
58640,573
58651,572
58662,573
58674,572
58686,573
58697,572
58708,571
58720,572
58731,572
58742,571
58755,571
58766,572
58777,572
58788,571
58800,571
58811,571
58823,571
58834,571
58846,570
58857,570
58868,571
58881,570
58892,570
58903,570
58914,570
58926,571
58937,571
58949,571
58960,573
58972,574
58983,574
58994,575
59005,575
59018,575
59029,576
59040,576
59052,576
59063,576
59074,576
59086,576
59098,576
59109,576
59120,576
59131,576
59143,576
59155,576
59166,575
59177,576
59189,576
59200,575
59211,576
59224,576
59235,576
59246,576
59257,576
59269,576
59281,576
59292,576
59303,576
59315,576
59326,576
59337,576
59350,576
59361,575
59372,575
59383,576
59395,575
59406,575
59418,575
59429,575
59441,574
59452,575
59463,574
59474,574
59487,575
59498,576
59509,573
59521,573
59532,574
59543,573
59555,574
59567,573
59578,573
59589,575
59600,576
59613,576
59624,577
59635,578
59646,578
59658,578
59669,579
59681,579
59693,579
59704,579
59715,579
59726,579
59738,578
59750,577
59761,579
59772,579
59784,579
59795,579
59806,578
59819,578
59830,578
59841,579
59852,579
59864,579
59875,579
59887,579
59898,579
59910,579
59921,579
59932,578
59943,579
59956,578
59967,579
59978,579
59990,579
60001,578
60013,578
60024,578
60036,578
60047,578
60058,578
60069,579
60082,578
60093,578
60104,577
60115,577
60127,578
60138,577
60150,577
60162,577
60173,577
60184,576
60195,576
60207,576
60219,577
60230,576
60241,577
60253,578
60264,578
60275,579
60288,580
60299,581
60310,580
60321,581
60333,581
60345,582
60356,582
60367,581
60379,582
60390,582
60401,582
60413,581
60425,581
60436,582
60447,581
60459,581
60470,582
60482,581
60493,582
60505,581
60516,581
60527,581
60538,581
60551,581
60562,581
60573,582
60584,582
60596,581
60607,581
60619,581
60631,581
60642,581
60653,581
60664,581
60676,581
60688,581
60699,580
60710,580
60722,580
60733,580
60745,579
60756,579
60768,579
60779,579
60790,579
60802,580
60814,579
60825,579
60836,579
60848,579
60859,578
60870,578
60882,578
60894,578
60905,579
60916,579
60928,580
60939,581
60951,582
60962,582
60974,582
60985,583
60996,583
61007,585
61020,584
61031,585
61042,584
61053,584
61065,583
61077,582
61088,583
61100,584
61111,582
61122,583
61133,583
61146,582
61157,583
61168,584
61179,584
61191,583
61202,583
61214,584
61225,583
61237,583
61248,583
61259,583
61271,582
61283,583
61294,583
61305,583
61317,582
61328,582
61339,582
61351,582
61363,582
61374,582
61385,582
61396,581
61408,582
61420,581
61431,581
61443,582
61454,581
61465,581
61477,580
61489,581
61500,580
61511,579
61522,580
61534,580
61546,580
61557,579
61569,580
61580,580
61591,580
61602,580
61615,582
61626,582
61637,583
61648,583
61660,584
61671,584
61683,584
61694,584
61706,584
61717,584
61728,584
61740,584
61752,584
61763,584
61774,584
61786,583
61797,584
61809,584
61820,584
61832,583
61843,583
61854,583
61865,583
61878,583
61889,583
61900,585
61912,583
61923,583
61934,584
61946,583
61958,583
61969,583
61980,583
61991,583
62003,583
62015,583
62026,583
62038,583
62049,582
62060,582
62071,582
62084,581
62095,582
62106,581
62117,582
62129,582
62140,581
62152,582
62163,581
62175,581
62186,581
62197,580
62210,581
62221,580
62232,580
62243,580
62255,579
62266,579
62278,579
62289,579
62301,579
62312,580
62323,581
62334,580
62347,582
62358,582
62369,583
62381,583
62392,584
62403,584
62415,583
62427,584
62438,583
62449,583
62460,583
62472,583
62484,583
62495,583
62507,583
62518,582
62529,582
62541,582
62553,582
62564,583
62575,582
62586,582
62598,582
62610,582
62621,583
62632,584
62644,582
62655,583
62666,583
62679,582
62690,582
62701,582
62712,582
62724,582
62735,581
62747,582
62758,582
62770,581
62781,581
62792,581
62803,581
62816,580
62827,580
62838,581
62850,581
62861,580
62872,580
62884,580
62896,580
62907,579
62918,580
62929,580
62942,580
62953,580
62964,580
62976,580
62987,581
62998,583
63010,582
63022,583
63033,583
63044,583
63055,584
63067,583
63079,583
63090,583
63101,583
63113,583
63124,584
63135,582
63148,582
63159,582
63170,583
63181,582
63193,582
63204,582
63216,582
63227,582
63239,582
63250,582
63261,581
63273,582
63285,581
63296,582
63307,582
63319,582
63330,582
63342,581
63353,582
63365,582
63376,581
63387,581
63398,581
63411,580
63422,581
63433,580
63444,580
63456,580
63467,580
63479,580
63491,581
63502,580
63513,580
63524,579
63536,578
63548,579
63559,579
63570,579
63582,579
63593,579
63604,578
63617,578
63628,578
63639,579
63650,580
63662,579
63674,581
63685,581
63696,582
63708,582
63719,582
63730,584
63742,583
63754,582
63765,582
63776,582
63788,582
63799,582
63811,581
63822,582
63834,582
63845,581
63856,582
63867,581
63880,581
63891,581
63902,581
63913,581
63925,582
63936,581
63948,581
63960,582
63971,581
63982,581
63993,581
64006,581
64017,582
64028,581
64039,581
64051,580
64062,580
64074,580
64086,580
64097,580
64108,579
64119,580
64131,579
64143,578
64154,579
64165,579
64177,579
64188,579
64199,579
64211,579
64223,579
64234,579
64245,579
64257,579
64268,579
64280,579
64291,580
64303,581
64314,581
64325,582
64336,582
64349,582
64360,582
64371,582
64382,582
64394,582
64406,582
64417,581
64429,582
64440,582
64451,581
64462,583
64475,581
64486,581
64497,580
64508,581
64520,581
64531,580
64543,581
64555,582
64566,581
64577,581
64588,581
64600,582
64612,581
64623,582
64634,581
64646,581
64657,581
64668,580
64680,581
64692,580
64703,580
64714,580
64726,580
64738,581
64749,581
64760,580
64772,579
64783,579
64794,579
64806,580
64818,580
64829,580
64840,579
64851,578
64863,578
64875,579
64886,579
64898,580
64909,581
64920,581
64931,582
64944,582
64955,582
64966,583
64977,583
64989,583
65000,582
65012,583
65024,582
65035,582
65046,582
65057,582
65069,582
65081,582
65092,582
65103,582
65115,582
65126,582
65138,582
65149,582
65161,582
65172,582
65183,582
65195,583
65207,581
65218,582
65229,581
65241,581
65252,582
65263,581
65275,582
65287,582
65298,581
65309,581
65320,581
65332,581
65344,581
65355,581
65367,580
65378,580
65389,580
65400,580
65413,580
65424,580
65435,579
65446,580
65458,580
65470,580
65481,579
65492,580
65504,580
65515,580
65526,580
3,582
10,581
18,581
26,581
34,584
43,582
51,584
59,584
68,583
76,583
84,584
93,583
101,584
110,583
119,583
129,583
139,583
148,583
157,583
166,583
176,584
185,583
194,582
204,583
214,583
223,583
232,583
241,583
250,582
260,583
270,583
279,582
288,583
297,582
307,583
316,582
325,582
335,582
345,583
354,582
363,582
372,582
381,582
391,583
401,583
410,582
419,581
429,582
438,582
447,582
456,582
466,581
476,581
485,581
494,580
503,581
513,580
522,581
531,580
541,580
550,581
560,580
569,580
578,582
587,580
596,580
607,580
616,581
625,582
634,581
644,582
653,582
662,583
672,583
681,583
691,584
700,584
709,584
718,584
728,585
738,584
747,584
756,584
765,584
775,583
784,584
793,584
803,583
813,583
822,583
831,584
840,584
849,583
859,583
869,583
878,583
887,584
897,584
906,583
915,583
924,583
934,584
944,584
953,584
962,582
971,583
980,583
990,584
1000,584
1010,583
1020,583
1031,583
1041,583
1051,582
1061,582
1073,582
1083,583
1093,582
1103,583
1114,581
1124,582
1135,581
1145,582
1156,582
1166,581
1176,582
1186,581
1197,580
1208,581
1218,581
1228,581
1239,581
1249,580
1259,581
1270,581
1281,581
1291,581
1301,581
1311,583
1321,583
1333,584
1343,584
1353,584
1363,584
1374,584
1384,584
1394,584
1405,584
1416,584
1426,584
1436,583
1446,583
1457,583
1468,584
1478,583
1488,583
1499,583
1509,583
1519,584
1529,583
1541,584
1551,584
1561,584
1571,583
1582,584
1592,583
1603,583
1613,583
1624,584
1634,583
1644,583
1654,583
1666,582
1676,583
1686,583
1696,583
1707,582
1717,582
1727,583
1738,582
1748,582
1759,583
1769,582
1779,582
1789,581
1801,583
1811,582
1821,582
1831,581
1842,581
1852,582
1862,581
1873,581
1884,581
1894,580
1904,580
1914,580
1925,580
1936,581
1946,581
1956,581
1967,583
1977,583
1987,583
1998,583
2009,584
2019,584
2029,584
2039,584
2050,584
2060,585
2071,584
2081,584
2092,584
2102,584
2112,584
2122,584
2134,584
2144,584
2154,583
2164,583
2174,584
2185,583
2195,583
2206,583
2216,583
2227,583
2237,584
2247,583
2257,584
2269,583
2279,584
2289,583
2299,584
2310,583
2320,583
2331,583
2341,583
2352,583
2362,582
2372,584
2382,584
2393,584
2404,583
2414,582
2424,582
2435,582
2445,582
2455,582
2466,582
2477,582
2487,581
2497,582
2507,581
2518,581
2528,581
2539,582
2549,581
2560,582
2570,582
2580,581
2590,581
2601,582
2612,581
2622,582
2632,582
2642,582
2653,583
2664,583
2674,584
2684,584
2695,584
2705,584
2715,584
2725,585
2737,585
2747,584
2757,585
2767,584
2778,584
2788,584
2799,585
2809,584
2820,585
2830,584
2840,584
2850,585
2861,584
2872,584
2882,584
2892,584
2903,583
2913,584
2923,584
2934,584
2945,584
2955,584
2965,584
2975,584
2985,583
2997,584
3007,583
3017,585
3027,584
3038,584
3048,583
3058,583
3069,583
3080,582
3090,582
3100,583
3110,583
3121,582
3132,583
3142,582
3152,582
3163,581
3173,582
3183,582
3193,582
3205,581
3215,581
3225,581
3235,581
3246,581
3256,582
3267,581
3277,582
3288,581
3298,582
3308,581
3318,582
3330,582
3340,583
3350,583
3360,584
3371,584
3381,584
3391,585
3402,585
3412,585
3423,584
3433,584
3443,584
3453,584
3465,585
3475,585
3485,584
3495,584
3506,584
3516,585
3526,584
3537,585
3548,584
3558,584
3568,584
3578,584
3589,584
3600,584
3610,585
3620,584
3631,584
3641,584
3651,584
3662,584
3673,584
3683,584
3693,584
3703,584
3714,584
3724,583
3735,584
3745,583
3756,584
3766,584
3776,583
3786,582
3798,583
3808,583
3818,583
3828,584
3838,582
3849,583
3859,582
3870,582
3880,582
3891,582
3901,582
3911,582
3921,581
3933,581
3943,582
3953,582
3963,581
3974,582
3984,582
3995,583
4005,583
4016,583
4026,584
4036,585
4046,585
4057,585
4068,585
4078,585
4088,585
4099,585
4109,585
4119,585
4130,586
4141,585
4151,585
4161,585
4171,585
4182,585
4192,585
4203,584
4213,585
4224,585
4234,585
4244,586
4254,586
4265,586
4276,585
4286,586
4296,586
4306,586
4317,586
4328,586
4338,586
4348,586
4359,586
4369,586
4379,587
4389,587
4401,587
4411,587
4421,586
4431,587
4442,587
4452,587
4463,588
4473,588
4484,589
4494,589
4504,588
4514,587
4525,584
4536,582
4546,578
4556,573
4567,569
4577,565
4587,561
4598,559
4609,567
4619,579
4629,579
4639,584
4649,600
4661,600
4671,584
4681,575
4691,572
4702,569
4712,567
4722,566
4733,564
4744,564
4754,570
4764,579
4774,591
4785,573
4796,534
4806,533
4816,532
4827,530
4837,531
4847,533
4857,533
4869,532
4879,532
4889,533
4899,533
4910,533
4920,533
4931,534
4941,534
4952,532
4962,533
4972,535
4982,535
4994,536
5004,536
5014,539
5024,538
5035,537
5045,539
5055,540
5066,540
5076,540
5087,539
5097,541
5107,540
5117,538
5129,538
5139,539
5149,538
5159,536
5170,537
5180,538
5190,538
5201,537
5212,537
5222,539
5232,540
5242,538
5253,539
5264,541
5274,541
5284,540
5295,540
5305,542
5315,541
5326,541
5337,540
5347,541
5357,540
5367,539
5378,540
5388,540
5399,541
5409,540
5420,539
5430,541
5440,540
5450,540
5462,540
5472,541
5482,541
5492,540
5502,540
5513,541
5523,541
5534,540
5544,540
5555,541
5565,541
5575,540
5585,540
5597,541
5607,541
5617,539
5627,540
5638,541
5648,541
5659,540
5669,541
5680,541
5690,542
5700,540
5710,541
5721,541
5732,541
5742,540
5752,540
5763,542
5773,541
5783,540
5794,539
5805,541
5815,541
5825,540
5835,540
5846,541
5856,541
5867,540
5877,540
5888,541
5898,541
5908,540
5918,540
5929,541
5940,541
5950,540
5960,540
5970,541
5981,541
5992,540
6002,539
6012,541
6023,542
6033,540
6043,540
6053,541
6065,542
6075,539
6085,540
6095,541
6106,542
6116,540
6127,540
6137,541
6148,541
6158,540
6168,540
6178,540
6189,541
6200,540
6210,541
6220,541
6231,541
6241,540
6251,539
6262,541
6273,541
6283,540
6293,540
6303,540
6313,541
6325,540
6335,540
6345,543
6355,542
6366,540
6376,540
6386,541
6397,542
6408,540
6418,540
6428,541
6438,541
6449,541
6460,540
6470,541
6480,541
6491,540
6501,540
6511,541
6521,541
6533,540
6543,540
6553,541
6563,541
6574,540
6584,540
6595,541
6605,542
6616,540
6626,540
6636,540
6646,541
6658,540
6668,540
6678,540
6688,542
6699,540
6709,540
6719,540
6730,541
6740,540
6751,540
6761,541
6771,541
6781,540
6793,539
6803,542
6813,542
6823,541
6834,539
6844,541
6854,541
6865,541
6876,540
6886,540
6896,541
6906,540
6917,540
6928,541
6938,541
6948,541
6959,539
6969,541
6979,542
6990,541
7001,540
7011,540
7021,542
7031,540
7042,539
7052,541
7063,541
7073,541
7084,540
7094,540
7104,541
7114,540
7126,540
7136,540
7146,541
7156,540
7166,540
7177,540
7187,542
7198,540
7208,540
7219,540
7229,542
7239,542
7249,539
7261,540
7271,542
7281,540
7291,540
7302,540
7312,541
7323,540
7333,539
7344,540
7354,541
7364,541
7374,539
7385,540
7396,542
7406,541
7416,540
7427,541
7437,542
7447,541
7458,541
7469,540
7479,541
7489,540
7499,539
7510,541
7520,542
7531,541
7541,539
7552,540
7562,541
7572,540
7582,540
7593,541
7604,542
7614,541
7624,540
7634,541
7645,541
7656,540
7666,540
7676,540
7687,542
7697,541
7707,540
7717,540
7729,541
7739,541
7749,540
7759,540
7770,542
7780,540
7791,540
7801,540
7812,542
7822,541
7832,539
7842,540
7853,541
7864,541
7874,540
7884,540
7895,542
7905,541
7915,540
7926,541
7937,542
7947,542
7957,540
7967,540
7977,541
7989,540
7999,540
8009,540
8019,541
8030,541
8040,540
8050,540
8061,541
8072,541
8082,540
8092,540
8102,541
8113,541
8124,540
8134,540
8144,541
8155,541
8165,540
8175,540
8185,542
8197,541
8207,540
8217,540
8227,542
8238,542
8248,540
8259,540
8269,541
8280,542
8290,540
8300,540
8310,541
8322,541
8332,540
8342,540
8352,542
8363,541
8373,540
8383,541
8394,542
8404,541
8415,540
8425,540
8435,542
8445,542
8457,540
8467,540
8477,542
8487,541
8498,540
8508,540
8518,541
8529,541
8540,540
8550,540
8560,541
8570,541
8581,540
8592,540
8602,542
8612,541
8623,540
8633,540
8643,542
8654,541
8665,540
8675,540
8685,541
8695,541
8706,540
8716,540
8727,542
8737,541
8748,540
8758,540
8768,542
8778,543
8790,541
8800,540
